Timepoint	r-20170106-WT M1 M2-0.25nM-High resolution-22min-3.csv-1	r-20170106-WT M1 M2-0.25nM-High resolution-22min-3.csv-5	r-20170106-WT M1 M2-0.25nM-High resolution-22min-3.csv-7	r-20170106-WT M1 M2-0.25nM-High resolution-22min-3.csv-261	r-20170106-WT M1 M2-0.25nM-High resolution-22min-4.csv-2	r-20170106-WT M1 M2-0.25nM-High resolution-22min-4.csv-8	r-20170106-WT M1 M2-0.25nM-High resolution-22min-4.csv-9
1	0.779	0.800	0.791	NaN	0.822	0.793	0.844
2	0.775	0.778	0.791	NaN	0.818	0.791	0.833
3	0.771	0.770	0.791	NaN	0.814	0.792	0.828
4	0.768	0.769	0.791	NaN	0.812	0.791	0.826
5	0.767	0.770	0.791	NaN	0.810	0.790	0.827
6	0.765	0.770	0.791	NaN	0.809	0.787	0.830
7	0.764	0.773	0.791	NaN	0.809	0.782	0.832
8	0.764	0.775	0.791	NaN	0.808	0.781	0.834
9	0.763	0.774	0.791	NaN	0.806	0.781	0.832
10	0.763	0.771	0.791	NaN	0.804	0.781	0.828
11	0.764	0.771	0.790	NaN	0.804	0.785	0.823
12	0.764	0.774	0.790	NaN	0.805	0.787	0.820
13	0.765	0.778	0.790	NaN	0.807	0.786	0.819
14	0.766	0.780	0.789	NaN	0.809	0.783	0.820
15	0.767	0.780	0.789	NaN	0.810	0.781	0.823
16	0.768	0.779	0.788	NaN	0.811	0.782	0.826
17	0.769	0.779	0.788	NaN	0.811	0.785	0.828
18	0.770	0.780	0.788	NaN	0.811	0.787	0.830
19	0.771	0.780	0.788	NaN	0.810	0.787	0.830
20	0.771	0.779	0.788	NaN	0.809	0.786	0.829
21	0.771	0.778	0.788	NaN	0.806	0.782	0.826
22	0.771	0.778	0.789	NaN	0.804	0.775	0.823
23	0.771	0.781	0.789	NaN	0.803	0.775	0.820
24	0.771	0.783	0.790	NaN	0.804	0.783	0.819
25	0.770	0.781	0.791	NaN	0.807	0.790	0.820
26	0.770	0.779	0.793	NaN	0.811	0.790	0.820
27	0.770	0.781	0.794	NaN	0.814	0.787	0.819
28	0.770	0.784	0.795	NaN	0.815	0.788	0.819
29	0.769	0.785	0.796	NaN	0.815	0.793	0.820
30	0.769	0.783	0.797	NaN	0.814	0.793	0.822
31	0.769	0.780	0.798	NaN	0.814	0.791	0.824
32	0.769	0.780	0.799	NaN	0.814	0.787	0.825
33	0.769	0.783	0.801	NaN	0.815	0.786	0.825
34	0.769	0.783	0.802	NaN	0.816	0.790	0.824
35	0.769	0.779	0.803	NaN	0.817	0.796	0.824
36	0.770	0.774	0.804	NaN	0.818	0.798	0.824
37	0.771	0.774	0.805	NaN	0.818	0.797	0.825
38	0.772	0.780	0.806	NaN	0.818	0.794	0.826
39	0.774	0.787	0.807	NaN	0.819	0.793	0.828
40	0.775	0.792	0.808	NaN	0.821	0.795	0.828
41	0.776	0.795	0.808	NaN	0.823	0.798	0.828
42	0.776	0.796	0.809	NaN	0.826	0.800	0.827
43	0.776	0.792	0.809	NaN	0.827	0.797	0.828
44	0.775	0.787	0.810	NaN	0.828	0.789	0.830
45	0.775	0.786	0.810	NaN	0.828	0.788	0.834
46	0.774	0.789	0.810	NaN	0.828	0.793	0.837
47	0.773	0.789	0.811	NaN	0.828	0.801	0.839
48	0.774	0.788	0.811	NaN	0.827	0.805	0.839
49	0.774	0.789	0.811	NaN	0.824	0.805	0.838
50	0.775	0.791	0.811	NaN	0.820	0.803	0.838
51	0.777	0.792	0.811	NaN	0.817	0.803	0.838
52	0.778	0.791	0.812	NaN	0.815	0.800	0.841
53	0.780	0.791	0.812	NaN	0.815	0.797	0.844
54	0.781	0.792	0.812	NaN	0.815	0.801	0.845
55	0.782	0.792	0.813	NaN	0.817	0.806	0.844
56	0.783	0.789	0.813	NaN	0.820	0.805	0.841
57	0.784	0.786	0.814	NaN	0.823	0.801	0.837
58	0.785	0.787	0.815	NaN	0.826	0.801	0.834
59	0.786	0.791	0.816	NaN	0.828	0.805	0.833
60	0.786	0.795	0.816	NaN	0.829	0.807	0.833
61	0.786	0.798	0.817	NaN	0.829	0.808	0.835
62	0.785	0.802	0.818	NaN	0.829	0.810	0.838
63	0.784	0.804	0.819	NaN	0.829	0.810	0.840
64	0.784	0.799	0.820	NaN	0.829	0.805	0.842
65	0.783	0.791	0.821	NaN	0.830	0.801	0.843
66	0.782	0.786	0.822	NaN	0.831	0.803	0.844
67	0.782	0.789	0.823	NaN	0.833	0.804	0.845
68	0.782	0.797	0.823	NaN	0.834	0.801	0.845
69	0.782	0.806	0.824	NaN	0.834	0.800	0.846
70	0.782	0.809	0.824	NaN	0.832	0.802	0.846
71	0.783	0.805	0.824	NaN	0.829	0.810	0.847
72	0.784	0.797	0.824	NaN	0.826	0.816	0.848
73	0.785	0.794	0.824	NaN	0.823	0.813	0.848
74	0.786	0.800	0.825	NaN	0.822	0.807	0.848
75	0.788	0.807	0.825	NaN	0.822	0.805	0.848
76	0.789	0.810	0.825	NaN	0.825	0.806	0.848
77	0.789	0.810	0.826	NaN	0.828	0.812	0.849
78	0.790	0.810	0.827	NaN	0.831	0.814	0.850
79	0.791	0.809	0.828	NaN	0.832	0.813	0.850
80	0.791	0.807	0.828	NaN	0.830	0.811	0.851
81	0.791	0.805	0.829	NaN	0.827	0.810	0.851
82	0.791	0.804	0.830	NaN	0.826	0.811	0.851
83	0.791	0.803	0.831	NaN	0.831	0.809	0.850
84	0.792	0.801	0.832	NaN	0.845	0.807	0.849
85	0.792	0.798	0.833	NaN	0.869	0.809	0.848
86	0.793	0.801	0.833	NaN	0.904	0.817	0.850
87	0.795	0.811	0.834	NaN	0.946	0.819	0.852
88	0.796	0.820	0.835	NaN	0.989	0.813	0.855
89	0.797	0.821	0.835	NaN	1.031	0.809	0.857
90	0.798	0.817	0.835	NaN	1.070	0.808	0.857
91	0.799	0.816	0.836	NaN	1.109	0.812	0.858
92	0.800	0.821	0.836	NaN	1.146	0.818	0.859
93	0.800	0.825	0.836	NaN	1.184	0.825	0.859
94	0.801	0.822	0.836	NaN	1.220	0.831	0.859
95	0.801	0.814	0.837	NaN	1.257	0.829	0.858
96	0.801	0.809	0.837	NaN	1.294	0.824	0.855
97	0.801	0.811	0.837	NaN	1.328	0.820	0.853
98	0.801	0.818	0.838	NaN	1.361	0.816	0.853
99	0.801	0.824	0.838	NaN	1.389	0.817	0.853
100	0.801	0.826	0.839	NaN	1.415	0.820	0.855
101	0.801	0.824	0.839	NaN	1.438	0.820	0.857
102	0.800	0.821	0.840	NaN	1.460	0.820	0.858
103	0.800	0.817	0.840	NaN	1.482	0.818	0.859
104	0.799	0.814	0.840	NaN	1.505	0.814	0.859
105	0.798	0.815	0.841	NaN	1.528	0.820	0.859
106	0.797	0.820	0.841	NaN	1.550	0.829	0.859
107	0.796	0.825	0.841	NaN	1.570	0.832	0.861
108	0.795	0.827	0.841	NaN	1.587	0.829	0.863
109	0.795	0.825	0.842	NaN	1.598	0.825	0.865
110	0.795	0.819	0.842	NaN	1.606	0.824	0.868
111	0.796	0.811	0.842	NaN	1.614	0.826	0.871
112	0.797	0.810	0.843	NaN	1.626	0.828	0.872
113	0.798	0.815	0.843	NaN	1.641	0.830	0.874
114	0.799	0.820	0.844	NaN	1.656	0.832	0.875
115	0.801	0.821	0.845	NaN	1.670	0.833	0.876
116	0.802	0.820	0.845	NaN	1.683	0.828	0.876
117	0.804	0.821	0.846	NaN	1.695	0.823	0.874
118	0.805	0.825	0.847	NaN	1.708	0.822	0.872
119	0.806	0.826	0.847	NaN	1.721	0.825	0.871
120	0.807	0.825	0.848	NaN	1.732	0.825	0.870
121	0.808	0.825	0.848	NaN	1.741	0.826	0.870
122	0.809	0.824	0.849	NaN	1.749	0.830	0.871
123	0.810	0.821	0.849	NaN	1.754	0.836	0.873
124	0.811	0.813	0.850	NaN	1.757	0.839	0.874
125	0.812	0.806	0.850	NaN	1.757	0.837	0.874
126	0.813	0.808	0.851	NaN	1.754	0.834	0.873
127	0.813	0.815	0.851	NaN	1.750	0.836	0.872
128	0.814	0.819	0.852	NaN	1.750	0.839	0.872
129	0.815	0.820	0.853	NaN	1.754	0.835	0.873
130	0.815	0.822	0.853	NaN	1.762	0.828	0.873
131	0.815	0.826	0.854	NaN	1.772	0.831	0.874
132	0.815	0.829	0.854	NaN	1.780	0.837	0.874
133	0.814	0.829	0.855	NaN	1.785	0.841	0.874
134	0.814	0.826	0.855	NaN	1.786	0.843	0.874
135	0.813	0.823	0.856	NaN	1.786	0.842	0.875
136	0.812	0.822	0.856	NaN	1.788	0.840	0.877
137	0.812	0.826	0.857	NaN	1.791	0.838	0.878
138	0.811	0.834	0.857	NaN	1.796	0.836	0.878
139	0.811	0.836	0.857	NaN	1.800	0.841	0.878
140	0.811	0.828	0.858	NaN	1.804	0.847	0.878
141	0.811	0.820	0.858	NaN	1.805	0.845	0.879
142	0.812	0.820	0.859	NaN	1.805	0.846	0.879
143	0.814	0.823	0.859	NaN	1.804	0.853	0.879
144	0.815	0.821	0.860	NaN	1.803	0.854	0.879
145	0.817	0.818	0.860	NaN	1.803	0.847	0.878
146	0.819	0.816	0.861	NaN	1.807	0.843	0.878
147	0.820	0.817	0.861	NaN	1.812	0.846	0.878
148	0.822	0.824	0.861	NaN	1.818	0.854	0.878
149	0.823	0.833	0.861	NaN	1.820	0.861	0.878
150	0.823	0.839	0.861	NaN	1.820	0.862	0.878
151	0.824	0.840	0.861	NaN	1.815	0.854	0.878
152	0.823	0.835	0.861	NaN	1.809	0.846	0.878
153	0.822	0.831	0.862	NaN	1.804	0.849	0.877
154	0.821	0.831	0.862	NaN	1.801	0.860	0.877
155	0.819	0.831	0.862	NaN	1.801	0.878	0.877
156	0.818	0.829	0.863	NaN	1.803	0.903	0.878
157	0.816	0.825	0.863	NaN	1.806	0.931	0.880
158	0.815	0.824	0.864	NaN	1.811	0.967	0.881
159	0.815	0.825	0.865	NaN	1.815	1.012	0.881
160	0.815	0.825	0.865	NaN	1.820	1.056	0.881
161	0.817	0.827	0.866	NaN	1.825	1.099	0.881
162	0.819	0.834	0.866	NaN	1.826	1.147	0.882
163	0.821	0.840	0.867	NaN	1.826	1.202	0.884
164	0.824	0.841	0.868	NaN	1.824	1.243	0.887
165	0.827	0.839	0.868	NaN	1.823	1.248	0.889
166	0.829	0.837	0.869	NaN	1.820	1.247	0.888
167	0.831	0.836	0.869	NaN	1.814	1.269	0.886
168	0.831	0.839	0.870	NaN	1.805	1.309	0.884
169	0.831	0.845	0.871	NaN	1.795	1.355	0.883
170	0.829	0.850	0.871	NaN	1.787	1.396	0.884
171	0.828	0.851	0.872	NaN	1.784	1.420	0.886
172	0.826	0.849	0.872	NaN	1.784	1.436	0.887
173	0.825	0.847	0.873	NaN	1.788	1.458	0.888
174	0.824	0.847	0.873	NaN	1.793	1.484	0.888
175	0.825	0.844	0.874	NaN	1.796	1.504	0.889
176	0.826	0.838	0.874	NaN	1.799	1.516	0.890
177	0.828	0.831	0.875	NaN	1.802	1.536	0.892
178	0.830	0.832	0.875	NaN	1.804	1.579	0.893
179	0.832	0.837	0.875	NaN	1.805	1.613	0.894
180	0.834	0.842	0.876	NaN	1.805	1.621	0.895
181	0.835	0.842	0.876	NaN	1.805	1.620	0.896
182	0.836	0.840	0.876	NaN	1.804	1.622	0.897
183	0.836	0.840	0.877	NaN	1.802	1.646	0.896
184	0.836	0.841	0.877	NaN	1.798	1.681	0.896
185	0.836	0.842	0.877	NaN	1.793	1.710	0.897
186	0.835	0.842	0.877	NaN	1.788	1.735	0.898
187	0.835	0.839	0.877	NaN	1.784	1.738	0.899
188	0.834	0.835	0.876	NaN	1.782	1.728	0.899
189	0.833	0.837	0.876	NaN	1.784	1.754	0.898
190	0.833	0.844	0.876	NaN	1.787	1.799	0.898
191	0.834	0.848	0.876	NaN	1.794	1.816	0.898
192	0.835	0.847	0.875	NaN	1.801	1.811	0.898
193	0.836	0.847	0.875	NaN	1.804	1.810	0.899
194	0.838	0.848	0.875	NaN	1.804	1.815	0.899
195	0.839	0.846	0.875	NaN	1.799	1.833	0.899
196	0.841	0.843	0.875	NaN	1.793	1.862	0.900
197	0.842	0.843	0.876	NaN	1.788	1.878	0.900
198	0.843	0.848	0.876	NaN	1.786	1.873	0.900
199	0.844	0.851	0.876	NaN	1.787	1.875	0.901
200	0.845	0.851	0.877	NaN	1.790	1.896	0.903
201	0.846	0.850	0.878	NaN	1.793	1.911	0.905
202	0.846	0.849	0.879	NaN	1.796	1.900	0.906
203	0.846	0.846	0.879	NaN	1.799	1.886	0.905
204	0.847	0.845	0.880	NaN	1.801	1.890	0.902
205	0.847	0.849	0.881	NaN	1.801	1.904	0.899
206	0.847	0.857	0.882	NaN	1.800	1.917	0.898
207	0.847	0.862	0.882	NaN	1.797	1.925	0.898
208	0.847	0.864	0.883	NaN	1.790	1.935	0.899
209	0.848	0.863	0.883	NaN	1.783	1.931	0.899
210	0.848	0.861	0.884	NaN	1.778	1.918	0.899
211	0.849	0.857	0.885	NaN	1.775	1.916	0.898
212	0.850	0.855	0.886	NaN	1.776	1.926	0.897
213	0.851	0.856	0.887	NaN	1.779	1.938	0.897
214	0.852	0.857	0.888	NaN	1.782	1.949	0.899
215	0.855	0.857	0.889	NaN	1.783	1.950	0.902
216	0.858	0.854	0.890	NaN	1.784	1.922	0.906
217	0.861	0.848	0.891	NaN	1.783	1.901	0.909
218	0.866	0.846	0.892	NaN	1.782	1.918	0.911
219	0.870	0.851	0.893	NaN	1.781	1.940	0.912
220	0.875	0.862	0.893	NaN	1.779	1.942	0.912
221	0.880	0.869	0.894	NaN	1.778	1.937	0.913
222	0.885	0.869	0.894	NaN	1.779	1.942	0.913
223	0.889	0.862	0.894	NaN	1.778	1.939	0.913
224	0.893	0.854	0.894	NaN	1.775	1.925	0.913
225	0.897	0.852	0.894	NaN	1.770	1.921	0.912
226	0.900	0.859	0.894	NaN	1.767	1.926	0.912
227	0.903	0.869	0.894	NaN	1.767	1.928	0.911
228	0.907	0.875	0.895	NaN	1.768	1.912	0.911
229	0.911	0.873	0.895	NaN	1.768	1.899	0.911
230	0.916	0.869	0.895	NaN	1.766	1.900	0.910
231	0.922	0.868	0.896	NaN	1.760	1.912	0.909
232	0.929	0.868	0.897	NaN	1.755	1.922	0.909
233	0.936	0.863	0.897	NaN	1.752	1.920	0.910
234	0.943	0.852	0.898	NaN	1.755	1.907	0.912
235	0.950	0.841	0.899	NaN	1.762	1.894	0.915
236	0.957	0.839	0.900	NaN	1.768	1.882	0.918
237	0.962	0.846	0.901	NaN	1.771	1.871	0.918
238	0.968	0.859	0.901	NaN	1.771	1.879	0.917
239	0.973	0.872	0.902	NaN	1.769	1.894	0.914
240	0.978	0.878	0.903	NaN	1.765	1.895	0.912
241	0.983	0.874	0.903	NaN	1.760	1.897	0.910
242	0.988	0.867	0.903	NaN	1.755	1.902	0.907
243	0.994	0.862	0.904	NaN	1.751	1.885	0.905
244	1.000	0.862	0.904	NaN	1.748	1.872	0.905
245	1.006	0.863	0.904	NaN	1.748	1.889	0.908
246	1.013	0.861	0.904	NaN	1.750	1.906	0.911
247	1.019	0.856	0.904	NaN	1.754	1.917	0.915
248	1.025	0.852	0.904	NaN	1.759	1.904	0.918
249	1.031	0.853	0.904	NaN	1.762	1.878	0.920
250	1.037	0.857	0.904	NaN	1.762	1.863	0.920
251	1.042	0.863	0.904	NaN	1.759	1.878	0.918
252	1.048	0.868	0.904	NaN	1.752	1.902	0.915
253	1.054	0.870	0.904	NaN	1.744	1.914	0.913
254	1.061	0.870	0.905	NaN	1.739	1.929	0.913
255	1.068	0.869	0.906	NaN	1.738	1.926	0.914
256	1.076	0.864	0.906	NaN	1.743	1.901	0.915
257	1.085	0.858	0.907	NaN	1.750	1.897	0.917
258	1.094	0.861	0.909	NaN	1.757	1.908	0.919
259	1.103	0.872	0.910	NaN	1.763	1.905	0.921
260	1.111	0.880	0.911	NaN	1.766	1.888	0.922
261	1.119	0.875	0.912	NaN	1.765	1.883	0.923
262	1.127	0.866	0.913	NaN	1.761	1.893	0.923
263	1.134	0.863	0.914	NaN	1.753	1.901	0.922
264	1.142	0.869	0.915	NaN	1.745	1.912	0.919
265	1.150	0.880	0.916	NaN	1.740	1.916	0.917
266	1.159	0.886	0.917	NaN	1.739	1.913	0.916
267	1.167	0.883	0.918	NaN	1.743	1.902	0.917
268	1.175	0.875	0.919	NaN	1.749	1.900	0.920
269	1.183	0.871	0.920	NaN	1.753	1.916	0.922
270	1.190	0.872	0.920	NaN	1.755	1.923	0.923
271	1.198	0.879	0.921	NaN	1.755	1.918	0.922
272	1.205	0.887	0.922	NaN	1.754	1.914	0.920
273	1.214	0.894	0.922	NaN	1.751	1.914	0.918
274	1.224	0.895	0.923	NaN	1.749	1.925	0.917
275	1.234	0.890	0.923	NaN	1.748	1.938	0.918
276	1.246	0.883	0.922	NaN	1.748	1.941	0.919
277	1.259	0.878	0.922	NaN	1.749	1.929	0.921
278	1.273	0.876	0.922	NaN	1.751	1.912	0.923
279	1.288	0.875	0.921	NaN	1.755	1.901	0.925
280	1.304	0.873	0.920	NaN	1.758	1.906	0.927
281	1.320	0.873	0.919	NaN	1.760	1.923	0.929
282	1.336	0.873	0.918	NaN	1.760	1.927	0.931
283	1.353	0.871	0.917	NaN	1.759	1.922	0.932
284	1.369	0.869	0.917	NaN	1.757	1.935	0.932
285	1.384	0.870	0.916	NaN	1.754	1.946	0.932
286	1.399	0.872	0.915	NaN	1.752	1.929	0.931
287	1.413	0.874	0.914	NaN	1.750	1.906	0.930
288	1.426	0.878	0.914	NaN	1.751	1.913	0.929
289	1.439	0.884	0.914	NaN	1.755	1.949	0.928
290	1.451	0.889	0.914	NaN	1.759	1.955	0.927
291	1.463	0.892	0.914	NaN	1.760	1.926	0.927
292	1.474	0.892	0.915	NaN	1.756	1.900	0.927
293	1.485	0.884	0.915	NaN	1.749	1.892	0.926
294	1.496	0.875	0.916	NaN	1.742	1.897	0.925
295	1.506	0.877	0.916	NaN	1.738	1.902	0.923
296	1.517	0.890	0.917	NaN	1.739	1.898	0.924
297	1.527	0.898	0.917	NaN	1.744	1.899	0.926
298	1.536	0.893	0.918	NaN	1.751	1.910	0.928
299	1.546	0.883	0.918	NaN	1.756	1.910	0.931
300	1.555	0.878	0.919	NaN	1.757	1.902	0.933
301	1.563	0.877	0.919	NaN	1.754	1.902	0.934
302	1.571	0.877	0.920	NaN	1.749	1.906	0.936
303	1.579	0.876	0.920	NaN	1.744	1.914	0.937
304	1.586	0.877	0.921	NaN	1.742	1.913	0.936
305	1.594	0.882	0.921	NaN	1.745	1.903	0.934
306	1.601	0.889	0.922	NaN	1.752	1.897	0.932
307	1.609	0.894	0.922	NaN	1.757	1.901	0.930
308	1.617	0.894	0.923	NaN	1.760	1.909	0.930
309	1.625	0.889	0.923	NaN	1.759	1.910	0.931
310	1.633	0.884	0.923	NaN	1.754	1.901	0.933
311	1.640	0.885	0.923	NaN	1.748	1.895	0.934
312	1.648	0.890	0.924	NaN	1.742	1.893	0.934
313	1.655	0.896	0.924	NaN	1.740	1.907	0.934
314	1.662	0.897	0.924	NaN	1.742	1.923	0.932
315	1.668	0.895	0.924	NaN	1.747	1.915	0.932
316	1.674	0.891	0.925	NaN	1.754	1.898	0.932
317	1.680	0.886	0.925	NaN	1.760	1.893	0.934
318	1.686	0.882	0.925	NaN	1.765	1.893	0.937
319	1.691	0.883	0.926	NaN	1.765	1.885	0.940
320	1.696	0.889	0.926	NaN	1.760	1.880	0.942
321	1.701	0.896	0.927	NaN	1.753	1.890	0.942
322	1.705	0.898	0.927	NaN	1.747	1.897	0.941
323	1.709	0.895	0.928	NaN	1.745	1.902	0.940
324	1.713	0.892	0.928	NaN	1.746	1.901	0.939
325	1.716	0.891	0.928	NaN	1.748	1.903	0.939
326	1.719	0.889	0.928	NaN	1.749	1.897	0.939
327	1.721	0.883	0.929	NaN	1.749	1.881	0.939
328	1.722	0.877	0.929	NaN	1.746	1.879	0.939
329	1.722	0.875	0.929	NaN	1.742	1.882	0.939
330	1.722	0.877	0.930	NaN	1.739	1.880	0.939
331	1.720	0.883	0.930	NaN	1.736	1.877	0.941
332	1.718	0.890	0.931	NaN	1.738	1.874	0.944
333	1.715	0.895	0.932	NaN	1.742	1.867	0.945
334	1.712	0.898	0.933	NaN	1.746	1.852	0.945
335	1.710	0.897	0.933	NaN	1.750	1.849	0.945
336	1.709	0.894	0.934	NaN	1.752	1.871	0.946
337	1.708	0.894	0.934	NaN	1.753	1.892	0.947
338	1.709	0.901	0.935	NaN	1.752	1.889	0.947
339	1.711	0.910	0.935	NaN	1.748	1.871	0.946
340	1.713	0.908	0.935	NaN	1.743	1.855	0.945
341	1.716	0.898	0.935	NaN	1.738	1.848	0.943
342	1.719	0.889	0.936	NaN	1.736	1.854	0.943
343	1.722	0.887	0.936	NaN	1.740	1.864	0.943
344	1.725	0.888	0.936	NaN	1.749	1.869	0.944
345	1.728	0.893	0.936	NaN	1.759	1.868	0.946
346	1.731	0.898	0.936	NaN	1.768	1.864	0.948
347	1.735	0.904	0.936	NaN	1.775	1.859	0.950
348	1.738	0.909	0.937	NaN	1.779	1.863	0.950
349	1.741	0.911	0.937	NaN	1.779	1.870	0.950
350	1.743	0.909	0.938	NaN	1.777	1.879	0.950
351	1.745	0.905	0.939	NaN	1.775	1.889	0.952
352	1.747	0.901	0.940	NaN	1.775	1.882	0.953
353	1.749	0.900	0.942	NaN	1.776	1.861	0.953
354	1.750	0.902	0.943	NaN	1.777	1.854	0.951
355	1.751	0.908	0.944	NaN	1.777	1.862	0.947
356	1.752	0.916	0.945	NaN	1.775	1.858	0.943
357	1.751	0.921	0.947	NaN	1.770	1.849	0.942
358	1.750	0.922	0.948	NaN	1.764	1.854	0.944
359	1.748	0.921	0.949	NaN	1.759	1.852	0.948
360	1.745	0.916	0.950	NaN	1.754	1.855	0.951
361	1.742	0.912	0.951	NaN	1.750	1.870	0.952
362	1.739	0.910	0.952	NaN	1.746	1.873	0.952
363	1.739	0.909	0.953	NaN	1.742	1.862	0.951
364	1.740	0.908	0.954	NaN	1.738	1.857	0.950
365	1.743	0.908	0.954	NaN	1.735	1.853	0.950
366	1.747	0.914	0.955	NaN	1.736	1.841	0.951
367	1.751	0.921	0.955	NaN	1.743	1.844	0.953
368	1.755	0.927	0.956	NaN	1.754	1.858	0.956
369	1.759	0.927	0.956	NaN	1.766	1.865	0.957
370	1.762	0.924	0.956	NaN	1.775	1.866	0.957
371	1.764	0.923	0.956	NaN	1.780	1.872	0.955
372	1.766	0.923	0.956	NaN	1.780	1.868	0.951
373	1.768	0.924	0.955	NaN	1.777	1.856	0.947
374	1.771	0.923	0.955	NaN	1.773	1.862	0.944
375	1.775	0.918	0.954	NaN	1.770	1.876	0.944
376	1.779	0.913	0.954	NaN	1.768	1.882	0.947
377	1.784	0.912	0.953	NaN	1.766	1.878	0.952
378	1.789	0.914	0.953	NaN	1.763	1.879	0.958
379	1.793	0.916	0.952	NaN	1.762	1.886	0.963
380	1.795	0.914	0.952	NaN	1.763	1.892	0.966
381	1.797	0.910	0.952	NaN	1.767	1.897	0.966
382	1.796	0.908	0.953	NaN	1.772	1.897	0.965
383	1.795	0.914	0.953	NaN	1.776	1.890	0.963
384	1.793	0.923	0.954	NaN	1.778	1.878	0.962
385	1.791	0.926	0.954	NaN	1.777	1.875	0.962
386	1.790	0.916	0.955	NaN	1.773	1.884	0.962
387	1.790	0.902	0.956	NaN	1.767	1.881	0.962
388	1.790	0.896	0.956	NaN	1.761	1.867	0.961
389	1.791	0.901	0.957	NaN	1.758	1.862	0.958
390	1.792	0.913	0.958	NaN	1.759	1.866	0.954
391	1.794	0.919	0.959	NaN	1.761	1.858	0.952
392	1.794	0.918	0.960	NaN	1.762	1.852	0.951
393	1.795	0.916	0.961	NaN	1.762	1.859	0.952
394	1.794	0.917	0.963	NaN	1.760	1.879	0.954
395	1.793	0.920	0.964	NaN	1.758	1.878	0.956
396	1.792	0.922	0.965	NaN	1.759	1.865	0.959
397	1.791	0.923	0.967	NaN	1.763	1.862	0.961
398	1.790	0.920	0.968	NaN	1.771	1.867	0.962
399	1.791	0.917	0.969	NaN	1.778	1.874	0.964
400	1.792	0.917	0.971	NaN	1.779	1.882	0.965
401	1.793	0.922	0.972	NaN	1.771	1.890	0.966
402	1.795	0.926	0.972	NaN	1.760	1.900	0.966
403	1.797	0.924	0.973	NaN	1.750	1.910	0.964
404	1.798	0.913	0.973	NaN	1.747	1.908	0.961
405	1.798	0.908	0.973	NaN	1.750	1.891	0.958
406	1.798	0.916	0.973	NaN	1.757	1.883	0.956
407	1.798	0.928	0.973	NaN	1.766	1.883	0.955
408	1.799	0.937	0.972	NaN	1.775	1.881	0.956
409	1.801	0.940	0.972	NaN	1.781	1.887	0.956
410	1.804	0.935	0.971	NaN	1.784	1.894	0.957
411	1.808	0.927	0.970	NaN	1.784	1.887	0.958
412	1.812	0.921	0.970	NaN	1.783	1.877	0.960
413	1.814	0.921	0.969	NaN	1.782	1.877	0.963
414	1.815	0.926	0.969	NaN	1.782	1.890	0.965
415	1.814	0.929	0.969	NaN	1.781	1.902	0.965
416	1.810	0.928	0.969	NaN	1.778	1.897	0.964
417	1.805	0.926	0.969	NaN	1.774	1.886	0.962
418	1.799	0.926	0.969	NaN	1.769	1.880	0.959
419	1.793	0.929	0.969	NaN	1.765	1.888	0.958
420	1.788	0.930	0.969	NaN	1.766	1.901	0.958
421	1.786	0.929	0.969	NaN	1.771	1.913	0.960
422	1.786	0.931	0.969	NaN	1.777	1.915	0.962
423	1.789	0.934	0.969	NaN	1.783	1.903	0.964
424	1.794	0.932	0.970	NaN	1.786	1.893	0.967
425	1.801	0.927	0.970	NaN	1.787	1.891	0.968
426	1.808	0.925	0.970	NaN	1.784	1.899	0.968
427	1.814	0.929	0.970	NaN	1.780	1.910	0.967
428	1.820	0.941	0.970	NaN	1.775	1.926	0.966
429	1.823	0.950	0.970	NaN	1.769	1.939	0.965
430	1.824	0.949	0.970	NaN	1.765	1.930	0.966
431	1.824	0.940	0.971	NaN	1.765	1.920	0.968
432	1.823	0.936	0.971	NaN	1.770	1.921	0.972
433	1.822	0.939	0.971	NaN	1.779	1.920	0.975
434	1.820	0.940	0.972	NaN	1.790	1.919	0.976
435	1.819	0.933	0.972	NaN	1.796	1.923	0.976
436	1.819	0.922	0.972	NaN	1.798	1.929	0.975
437	1.818	0.918	0.973	NaN	1.798	1.931	0.974
438	1.818	0.924	0.973	NaN	1.798	1.933	0.975
439	1.818	0.931	0.974	NaN	1.798	1.931	0.976
440	1.817	0.931	0.974	NaN	1.797	1.923	0.978
441	1.817	0.930	0.975	NaN	1.796	1.917	0.978
442	1.817	0.929	0.975	NaN	1.793	1.917	0.977
443	1.817	0.931	0.976	NaN	1.790	1.916	0.976
444	1.817	0.936	0.976	NaN	1.787	1.928	0.975
445	1.816	0.941	0.977	NaN	1.786	1.942	0.973
446	1.815	0.943	0.978	NaN	1.786	1.929	0.971
447	1.814	0.941	0.979	NaN	1.787	1.911	0.969
448	1.814	0.936	0.980	NaN	1.787	1.907	0.969
449	1.814	0.931	0.981	NaN	1.787	1.913	0.969
450	1.815	0.927	0.982	NaN	1.788	1.933	0.972
451	1.817	0.925	0.982	NaN	1.787	1.952	0.975
452	1.818	0.929	0.983	NaN	1.787	1.949	0.978
453	1.820	0.934	0.984	NaN	1.787	1.933	0.979
454	1.821	0.940	0.984	NaN	1.789	1.916	0.978
455	1.821	0.947	0.984	NaN	1.794	1.908	0.976
456	1.821	0.950	0.984	NaN	1.799	1.920	0.975
457	1.820	0.949	0.984	NaN	1.804	1.933	0.974
458	1.818	0.947	0.984	NaN	1.805	1.929	0.974
459	1.816	0.947	0.984	NaN	1.802	1.916	0.975
460	1.814	0.946	0.984	NaN	1.800	1.911	0.977
461	1.813	0.945	0.983	NaN	1.799	1.925	0.977
462	1.813	0.947	0.983	NaN	1.798	1.946	0.977
463	1.813	0.955	0.983	NaN	1.796	1.943	0.977
464	1.814	0.963	0.983	NaN	1.793	1.926	0.976
465	1.815	0.963	0.983	NaN	1.791	1.917	0.975
466	1.816	0.960	0.983	NaN	1.791	1.919	0.974
467	1.817	0.957	0.983	NaN	1.792	1.925	0.973
468	1.817	0.956	0.984	NaN	1.794	1.933	0.973
469	1.816	0.952	0.984	NaN	1.794	1.931	0.974
470	1.813	0.949	0.985	NaN	1.793	1.912	0.977
471	1.811	0.950	0.986	NaN	1.791	1.904	0.979
472	1.808	0.953	0.986	NaN	1.792	1.922	0.981
473	1.805	0.957	0.987	NaN	1.794	1.939	0.982
474	1.803	0.955	0.989	NaN	1.798	1.942	0.982
475	1.803	0.947	0.990	NaN	1.803	1.925	0.981
476	1.804	0.938	0.991	NaN	1.808	1.906	0.980
477	1.806	0.934	0.992	NaN	1.813	1.910	0.980
478	1.810	0.938	0.993	NaN	1.817	1.924	0.983
479	1.813	0.946	0.994	NaN	1.818	1.934	0.986
480	1.816	0.952	0.995	NaN	1.816	1.949	0.989
481	1.820	0.954	0.996	NaN	1.813	1.954	0.990
482	1.823	0.952	0.997	NaN	1.809	1.929	0.990
483	1.827	0.953	0.998	NaN	1.805	1.904	0.990
484	1.830	0.957	0.999	NaN	1.804	1.912	0.989
485	1.833	0.961	1.000	NaN	1.804	1.926	0.988
486	1.837	0.961	1.001	NaN	1.807	1.929	0.988
487	1.840	0.959	1.002	NaN	1.809	1.930	0.987
488	1.842	0.954	1.002	NaN	1.810	1.922	0.987
489	1.844	0.947	1.003	NaN	1.809	1.927	0.987
490	1.845	0.945	1.003	NaN	1.807	1.943	0.988
491	1.844	0.950	1.004	NaN	1.806	1.945	0.989
492	1.841	0.958	1.004	NaN	1.806	1.934	0.991
493	1.837	0.963	1.004	NaN	1.806	1.931	0.993
494	1.831	0.961	1.004	NaN	1.807	1.927	0.994
495	1.826	0.956	1.003	NaN	1.807	1.921	0.994
496	1.820	0.953	1.003	NaN	1.808	1.927	0.994
497	1.816	0.953	1.002	NaN	1.810	1.943	0.995
498	1.813	0.953	1.002	NaN	1.810	1.957	0.995
499	1.812	0.954	1.001	NaN	1.810	1.969	0.994
500	1.813	0.957	1.001	NaN	1.813	1.967	0.993
501	1.815	0.961	1.000	NaN	1.818	1.953	0.992
502	1.818	0.960	1.000	NaN	1.824	1.940	0.991
503	1.821	0.957	1.000	NaN	1.827	1.940	0.990
504	1.825	0.953	1.000	NaN	1.827	1.942	0.990
505	1.829	0.950	1.000	NaN	1.824	1.931	0.988
506	1.833	0.946	1.001	NaN	1.820	1.913	0.988
507	1.837	0.944	1.001	NaN	1.816	1.910	0.988
508	1.840	0.946	1.002	NaN	1.814	1.934	0.988
509	1.844	0.951	1.002	NaN	1.814	1.959	0.989
510	1.847	0.956	1.003	NaN	1.812	1.958	0.991
511	1.849	0.958	1.004	NaN	1.810	1.945	0.993
512	1.850	0.958	1.005	NaN	1.808	1.946	0.995
513	1.850	0.960	1.006	NaN	1.808	1.951	0.996
514	1.849	0.964	1.007	NaN	1.809	1.948	0.998
515	1.846	0.966	1.008	NaN	1.812	1.940	0.998
516	1.842	0.964	1.009	NaN	1.818	1.943	0.997
517	1.838	0.960	1.010	NaN	1.824	1.941	0.994
518	1.834	0.957	1.011	NaN	1.829	1.941	0.991
519	1.831	0.959	1.011	NaN	1.831	1.951	0.987
520	1.830	0.964	1.011	NaN	1.830	1.962	0.986
521	1.829	0.966	1.011	NaN	1.826	1.961	0.987
522	1.831	0.959	1.011	NaN	1.822	1.955	0.991
523	1.833	0.956	1.011	NaN	1.818	1.960	0.995
524	1.835	0.958	1.010	NaN	1.816	1.961	0.999
525	1.836	0.959	1.009	NaN	1.816	1.960	1.002
526	1.836	0.956	1.009	NaN	1.816	1.964	1.003
527	1.834	0.956	1.008	NaN	1.817	1.954	1.004
528	1.831	0.961	1.007	NaN	1.816	1.941	1.004
529	1.829	0.972	1.007	NaN	1.813	1.946	1.002
530	1.827	0.978	1.006	NaN	1.809	1.962	1.000
531	1.827	0.976	1.006	NaN	1.804	1.969	0.999
532	1.828	0.968	1.006	NaN	1.804	1.971	1.000
533	1.829	0.960	1.006	NaN	1.809	1.974	1.001
534	1.830	0.957	1.006	NaN	1.815	1.972	1.002
535	1.830	0.964	1.007	NaN	1.819	1.969	1.001
536	1.831	0.970	1.007	NaN	1.822	1.958	0.998
537	1.831	0.967	1.008	NaN	1.824	1.952	0.995
538	1.832	0.959	1.009	NaN	1.826	1.962	0.993
539	1.833	0.957	1.010	NaN	1.828	1.967	0.994
540	1.833	0.965	1.012	NaN	1.828	1.958	0.996
541	1.834	0.977	1.013	NaN	1.825	1.958	0.999
542	1.835	0.982	1.014	NaN	1.821	1.968	1.000
543	1.835	0.979	1.015	NaN	1.819	1.957	1.000
544	1.834	0.972	1.016	NaN	1.821	1.943	0.999
545	1.833	0.967	1.017	NaN	1.826	1.953	0.998
546	1.832	0.967	1.017	NaN	1.830	1.961	0.999
547	1.831	0.967	1.018	NaN	1.828	1.956	1.001
548	1.831	0.966	1.018	NaN	1.823	1.973	1.002
549	1.830	0.963	1.019	NaN	1.818	1.983	1.003
550	1.830	0.959	1.019	NaN	1.816	1.973	1.004
551	1.830	0.955	1.019	NaN	1.819	1.965	1.005
552	1.828	0.956	1.019	NaN	1.825	1.960	1.004
553	1.826	0.962	1.019	NaN	1.831	1.965	1.001
554	1.823	0.970	1.019	NaN	1.832	1.973	0.998
555	1.821	0.975	1.019	NaN	1.825	1.971	0.996
556	1.818	0.974	1.019	NaN	1.815	1.972	0.995
557	1.815	0.967	1.019	NaN	1.808	1.984	0.997
558	1.812	0.962	1.019	NaN	1.804	1.997	1.001
559	1.808	0.966	1.020	NaN	1.801	1.995	1.005
560	1.804	0.976	1.020	NaN	1.797	1.973	1.009
561	1.800	0.985	1.020	NaN	1.796	1.961	1.010
562	1.796	0.988	1.020	NaN	1.803	1.958	1.010
563	1.793	0.985	1.020	NaN	1.820	1.963	1.009
564	1.794	0.977	1.020	NaN	1.844	1.979	1.007
565	1.798	0.967	1.021	NaN	1.867	1.987	1.007
566	1.808	0.961	1.021	NaN	1.887	1.979	1.007
567	1.824	0.966	1.021	NaN	1.901	1.975	1.008
568	1.846	0.974	1.021	NaN	1.908	1.969	1.008
569	NaN	0.979	1.021	NaN	1.907	1.955	1.008
570	NaN	0.977	1.021	NaN	1.904	1.960	1.009
571	NaN	0.976	1.020	NaN	1.902	1.972	1.010
572	NaN	0.979	1.020	NaN	1.904	1.978	1.011
573	NaN	0.984	1.019	NaN	1.905	1.978	1.012
574	NaN	0.984	1.019	NaN	1.903	1.979	1.012
575	NaN	0.979	1.018	NaN	1.897	1.986	1.012
576	NaN	0.973	1.018	NaN	1.889	1.991	1.011
577	NaN	0.971	1.017	NaN	1.881	1.983	1.010
578	NaN	0.973	1.017	NaN	1.874	1.962	1.008
579	NaN	0.976	1.017	NaN	1.871	1.953	1.007
580	NaN	0.980	1.017	NaN	1.874	1.962	1.006
581	NaN	0.984	1.017	NaN	1.884	1.978	1.007
582	NaN	0.989	1.018	NaN	1.899	1.981	1.008
583	NaN	0.990	1.018	NaN	1.913	1.980	1.009
584	NaN	0.990	1.019	NaN	1.923	1.980	1.011
585	NaN	0.993	1.019	NaN	1.928	1.984	1.013
586	NaN	0.995	1.020	NaN	1.926	1.987	1.013
587	NaN	0.994	1.020	NaN	1.921	1.977	1.013
588	NaN	0.988	1.021	NaN	1.917	1.978	1.011
589	NaN	0.982	1.022	NaN	1.917	1.984	1.009
590	NaN	0.980	1.023	NaN	1.918	1.984	1.008
591	NaN	0.982	1.024	NaN	1.918	1.990	1.008
592	NaN	0.982	1.024	NaN	1.914	1.995	1.010
593	NaN	0.982	1.025	NaN	1.910	1.985	1.013
594	NaN	0.982	1.026	NaN	1.909	1.971	1.013
595	NaN	0.986	1.027	NaN	1.912	1.973	1.011
596	NaN	0.990	1.028	NaN	1.918	1.983	1.008
597	NaN	0.991	1.028	NaN	1.922	1.992	1.006
598	NaN	0.989	1.029	NaN	1.919	2.003	1.005
599	NaN	0.985	1.030	NaN	1.909	2.005	1.007
600	NaN	0.980	1.030	NaN	1.898	2.000	1.009
601	NaN	0.978	1.031	NaN	1.891	2.000	1.012
602	NaN	0.981	1.032	NaN	1.892	2.003	1.015
603	NaN	0.981	1.032	NaN	1.897	1.993	1.018
604	NaN	0.975	1.033	NaN	1.902	1.972	1.019
605	NaN	0.973	1.034	NaN	1.907	1.963	1.019
606	NaN	0.983	1.035	NaN	1.910	1.979	1.017
607	NaN	0.994	1.035	NaN	1.911	1.993	1.015
608	NaN	0.997	1.036	NaN	1.912	1.980	1.014
609	NaN	0.991	1.037	NaN	1.911	1.956	1.013
610	NaN	0.985	1.038	NaN	1.910	1.948	1.012
611	NaN	0.987	1.038	NaN	1.909	1.959	1.012
612	NaN	0.994	1.039	NaN	1.907	1.980	1.013
613	NaN	0.996	1.040	NaN	1.905	1.995	1.015
614	NaN	0.993	1.040	NaN	1.903	1.990	1.018
615	NaN	0.991	1.041	NaN	1.905	1.980	1.019
616	NaN	0.994	1.041	NaN	1.911	1.993	1.020
617	NaN	1.000	1.042	NaN	1.919	1.999	1.021
618	NaN	1.005	1.043	NaN	1.927	1.991	1.022
619	NaN	1.008	1.043	NaN	1.934	1.984	1.023
620	NaN	1.008	1.044	NaN	1.939	1.987	1.022
621	NaN	1.007	1.044	NaN	1.941	1.992	1.020
622	NaN	1.005	1.044	NaN	1.942	2.000	1.017
623	NaN	1.003	1.044	NaN	1.940	2.003	1.016
624	NaN	0.997	1.044	NaN	1.938	1.989	1.017
625	NaN	0.992	1.044	NaN	1.934	1.984	1.019
626	NaN	0.989	1.044	NaN	1.929	1.990	1.023
627	NaN	0.988	1.044	NaN	1.922	2.001	1.026
628	NaN	0.985	1.043	NaN	1.917	2.012	1.028
629	NaN	0.983	1.043	NaN	1.918	2.010	1.028
630	NaN	0.987	1.043	NaN	1.924	2.003	1.027
631	NaN	0.990	1.043	NaN	1.929	1.996	1.026
632	NaN	0.990	1.043	NaN	1.928	1.992	1.024
633	NaN	0.990	1.043	NaN	1.924	1.986	1.023
634	NaN	0.993	1.043	NaN	1.920	1.981	1.023
635	NaN	0.996	1.043	NaN	1.920	1.997	1.023
636	NaN	0.998	1.043	NaN	1.927	2.003	1.023
637	NaN	0.999	1.042	NaN	1.937	1.987	1.024
638	NaN	1.003	1.042	NaN	1.943	1.985	1.024
639	NaN	1.009	1.042	NaN	1.942	1.989	1.024
640	NaN	1.009	1.042	NaN	1.933	1.981	1.023
641	NaN	1.001	1.042	NaN	1.925	1.972	1.023
642	NaN	0.989	1.042	NaN	1.924	1.979	1.024
643	NaN	0.983	1.042	NaN	1.931	1.988	1.025
644	NaN	0.987	1.042	NaN	1.941	1.999	1.026
645	NaN	1.004	1.043	NaN	1.948	2.008	1.028
646	NaN	1.021	1.044	NaN	1.950	2.008	1.029
647	NaN	1.028	1.045	NaN	1.947	2.017	1.030
648	NaN	1.024	1.046	NaN	1.941	2.023	1.031
649	NaN	1.016	1.047	NaN	1.933	2.009	1.031
650	NaN	1.015	1.048	NaN	1.926	1.997	1.030
651	NaN	1.021	1.049	NaN	1.920	2.004	1.028
652	NaN	1.021	1.050	NaN	1.920	2.012	1.026
653	NaN	1.011	1.050	NaN	1.923	2.010	1.026
654	NaN	1.004	1.051	NaN	1.928	2.003	1.027
655	NaN	1.008	1.051	NaN	1.930	1.994	1.028
656	NaN	1.014	1.051	NaN	1.928	1.995	1.030
657	NaN	1.013	1.050	NaN	1.920	2.006	1.031
658	NaN	1.008	1.050	NaN	1.907	2.009	1.032
659	NaN	1.003	1.049	NaN	1.895	1.999	1.033
660	NaN	0.998	1.048	NaN	1.885	1.987	1.035
661	NaN	0.993	1.048	NaN	1.881	1.997	1.035
662	NaN	0.996	1.047	NaN	1.884	2.020	1.033
663	NaN	1.002	1.046	NaN	1.894	2.030	1.029
664	NaN	1.005	1.046	NaN	1.912	2.030	1.026
665	NaN	1.008	1.045	NaN	1.933	2.023	1.026
666	NaN	1.016	1.045	NaN	1.954	2.023	1.029
667	NaN	1.023	1.045	NaN	1.969	2.029	1.031
668	NaN	1.020	1.045	NaN	1.974	2.037	1.032
669	NaN	1.007	1.045	NaN	1.969	2.036	1.030
670	NaN	0.996	1.046	NaN	1.959	2.027	1.028
671	NaN	1.001	1.047	NaN	1.948	2.018	1.026
672	NaN	1.020	1.048	NaN	1.939	2.019	1.026
673	NaN	1.036	1.049	NaN	1.935	2.031	1.028
674	NaN	1.032	1.051	NaN	1.936	2.042	1.032
675	NaN	1.016	1.053	NaN	1.939	2.038	1.036
676	NaN	1.007	1.055	NaN	1.941	2.015	1.039
677	NaN	1.011	1.057	1.008	1.943	1.996	1.041
678	NaN	1.021	1.059	0.997	1.946	2.006	1.043
679	NaN	1.028	1.061	0.998	1.954	2.029	1.044
680	NaN	1.030	1.062	1.002	1.968	2.036	1.045
681	NaN	1.028	1.063	0.998	NaN	2.035	1.045
682	NaN	1.025	1.064	0.995	NaN	2.045	1.044
683	NaN	1.020	1.065	1.007	NaN	2.046	1.042
684	NaN	1.016	1.065	1.030	NaN	2.026	1.040
685	NaN	1.011	1.065	1.041	NaN	2.007	1.039
686	NaN	1.008	1.065	1.036	NaN	2.021	1.040
687	NaN	1.006	1.065	1.033	NaN	2.052	1.041
688	NaN	1.005	1.064	1.043	NaN	2.070	1.040
689	NaN	1.010	1.064	1.052	NaN	2.062	1.037
690	NaN	1.021	1.063	1.047	NaN	2.045	1.034
691	NaN	1.028	1.063	1.033	NaN	2.040	1.033
692	NaN	1.026	1.062	1.023	NaN	2.044	1.036
693	NaN	1.019	1.062	1.021	NaN	2.047	1.040
694	NaN	1.012	1.062	1.021	NaN	2.049	1.043
695	NaN	1.009	1.061	1.016	NaN	2.061	1.046
696	NaN	1.012	1.061	1.013	NaN	2.067	1.048
697	NaN	1.019	1.061	1.017	NaN	2.055	1.049
698	NaN	1.025	1.061	1.021	NaN	2.042	1.050
699	NaN	1.029	1.062	1.023	NaN	2.038	1.049
700	NaN	1.028	1.062	1.030	NaN	2.034	1.046
701	NaN	1.021	1.063	1.041	NaN	2.036	1.042
702	NaN	1.017	1.064	1.048	NaN	2.038	1.040
703	NaN	1.019	1.065	1.042	NaN	2.047	1.039
704	NaN	1.023	1.066	1.023	NaN	2.064	1.040
705	NaN	1.023	1.068	0.999	NaN	2.071	1.042
706	NaN	1.018	1.069	0.983	NaN	2.057	1.043
707	NaN	1.014	1.070	0.988	NaN	2.033	1.045
708	NaN	1.019	1.072	1.020	NaN	2.033	1.045
709	NaN	1.034	1.073	1.058	NaN	2.057	1.046
710	NaN	1.046	1.074	1.074	NaN	2.072	1.046
711	NaN	1.046	1.075	1.064	NaN	2.066	1.046
712	NaN	1.036	1.075	1.045	NaN	2.070	1.046
713	NaN	1.029	1.076	1.026	NaN	2.085	1.045
714	NaN	1.031	1.076	1.000	NaN	2.072	1.045
715	NaN	1.036	1.076	0.978	NaN	2.050	1.047
716	NaN	1.042	1.077	0.977	NaN	2.056	1.048
717	NaN	1.048	1.077	0.994	NaN	2.071	1.049
718	NaN	1.048	1.077	1.020	NaN	2.067	1.048
719	NaN	1.037	1.077	1.040	NaN	2.040	1.045
720	NaN	1.025	1.077	1.042	NaN	2.016	1.043
721	NaN	1.020	1.077	1.030	NaN	2.020	1.042
722	NaN	1.019	1.078	1.013	NaN	2.051	1.041
723	NaN	1.023	1.078	0.997	NaN	2.072	1.040
724	NaN	1.031	1.078	0.986	NaN	2.070	1.040
725	NaN	1.041	1.078	0.981	NaN	2.050	1.040
726	NaN	1.047	1.078	0.981	NaN	2.027	1.042
727	NaN	1.045	1.079	0.993	NaN	2.026	1.046
728	NaN	1.039	1.079	1.013	NaN	2.038	1.049
729	NaN	1.034	1.079	1.019	NaN	2.037	1.051
730	NaN	1.030	1.079	1.011	NaN	2.029	1.051
731	NaN	1.027	1.078	1.001	NaN	2.021	1.051
732	NaN	1.025	1.078	0.999	NaN	2.030	1.050
733	NaN	1.026	1.078	1.004	NaN	2.050	1.049
734	NaN	1.027	1.078	1.008	NaN	2.064	1.047
735	NaN	1.028	1.078	1.013	NaN	2.067	1.043
736	NaN	1.025	1.077	1.011	NaN	2.059	1.039
737	NaN	1.017	1.077	0.999	NaN	2.054	1.036
738	NaN	1.010	1.077	0.991	NaN	2.056	1.034
739	NaN	1.011	1.077	0.997	NaN	2.067	1.035
740	NaN	1.015	1.077	1.014	NaN	2.083	1.039
741	NaN	1.021	1.077	1.034	NaN	2.093	1.043
742	NaN	1.032	1.077	1.050	NaN	2.101	1.047
743	NaN	1.043	1.078	1.053	NaN	2.110	1.051
744	NaN	1.043	1.078	1.043	NaN	2.094	1.053
745	NaN	1.034	1.078	1.022	NaN	2.067	1.054
746	NaN	1.025	1.078	1.001	NaN	2.064	1.054
747	NaN	1.024	1.079	0.996	NaN	2.080	1.054
748	NaN	1.029	1.079	1.008	NaN	2.091	1.053
749	NaN	1.038	1.079	1.018	NaN	2.096	1.051
750	NaN	1.044	1.079	1.021	NaN	2.102	1.051
751	NaN	1.045	1.079	1.034	NaN	2.105	1.051
752	NaN	1.043	1.079	1.061	NaN	2.100	1.051
753	NaN	1.045	1.079	1.078	NaN	2.099	1.051
754	NaN	1.053	1.079	1.070	NaN	2.101	1.051
755	NaN	1.060	1.079	1.054	NaN	2.105	1.050
756	NaN	1.058	1.080	1.048	NaN	2.110	1.051
757	NaN	1.045	1.080	1.040	NaN	2.116	1.052
758	NaN	1.035	1.081	1.023	NaN	2.123	1.053
759	NaN	1.037	1.081	1.004	NaN	2.133	1.053
760	NaN	1.044	1.082	0.994	NaN	2.135	1.051
761	NaN	1.052	1.083	0.993	NaN	2.124	1.047
762	NaN	1.058	1.083	0.996	NaN	2.098	1.042
763	NaN	1.059	1.083	0.997	NaN	2.083	1.038
764	NaN	1.046	1.083	0.997	NaN	2.103	1.036
765	NaN	1.032	1.083	1.003	NaN	2.132	1.037
766	NaN	1.029	1.082	1.012	NaN	2.139	1.041
767	NaN	1.041	1.082	1.016	NaN	2.130	1.046
768	NaN	1.051	1.081	1.015	NaN	2.117	1.050
769	NaN	1.052	1.081	1.012	NaN	2.117	1.051
770	NaN	1.047	1.080	1.008	NaN	2.129	1.052
771	NaN	1.041	1.080	1.005	NaN	2.142	1.053
772	NaN	1.041	1.080	1.006	NaN	2.135	1.054
773	NaN	1.047	1.081	1.005	NaN	2.124	1.055
774	NaN	1.056	1.082	1.012	NaN	2.124	1.056
775	NaN	1.061	1.082	1.033	NaN	2.118	1.056
776	NaN	1.063	1.083	1.057	NaN	2.113	1.056
777	NaN	1.062	1.084	1.067	NaN	2.119	1.056
778	NaN	1.059	1.085	1.056	NaN	2.130	1.057
779	NaN	1.057	1.086	1.036	NaN	2.136	1.059
780	NaN	1.054	1.087	1.020	NaN	2.125	1.062
781	NaN	1.049	1.088	1.009	NaN	2.109	1.063
782	NaN	1.050	1.089	1.003	NaN	2.104	1.063
783	NaN	1.053	1.089	1.007	NaN	2.119	1.063
784	NaN	1.052	1.090	1.015	NaN	2.138	1.061
785	NaN	1.043	1.090	1.012	NaN	2.142	1.058
786	NaN	1.034	1.090	1.003	NaN	2.137	1.055
787	NaN	1.034	1.090	1.003	NaN	2.133	1.053
788	NaN	1.042	1.091	1.015	NaN	2.117	1.053
789	NaN	1.051	1.091	1.025	NaN	2.117	1.056
790	NaN	1.054	1.091	1.026	NaN	2.131	1.059
791	NaN	1.049	1.091	1.022	NaN	2.144	1.061
792	NaN	1.045	1.090	1.016	NaN	2.152	1.062
793	NaN	1.046	1.090	1.009	NaN	2.156	1.060
794	NaN	1.048	1.090	1.008	NaN	2.145	1.058
795	NaN	1.046	1.090	1.011	NaN	2.143	1.057
796	NaN	1.040	1.089	1.012	NaN	2.153	1.057
797	NaN	1.037	1.089	1.011	NaN	2.157	1.058
798	NaN	1.042	1.089	1.012	NaN	2.160	1.059
799	NaN	1.050	1.089	1.026	NaN	2.152	1.059
800	NaN	1.052	1.089	1.038	NaN	2.133	1.059
801	NaN	1.046	1.089	1.033	NaN	2.120	1.060
802	NaN	1.037	1.089	1.020	NaN	2.125	1.061
803	NaN	1.028	1.089	1.015	NaN	2.128	1.063
804	NaN	1.028	1.090	1.016	NaN	2.127	1.065
805	NaN	1.039	1.090	1.016	NaN	2.129	1.067
806	NaN	1.049	1.090	1.020	NaN	2.142	1.068
807	NaN	1.051	1.091	1.028	NaN	2.148	1.069
808	NaN	1.048	1.091	1.041	NaN	2.138	1.070
809	NaN	1.049	1.092	1.052	NaN	2.149	1.070
810	NaN	1.054	1.092	1.055	NaN	2.168	1.070
811	NaN	1.058	1.093	1.050	NaN	2.173	1.070
812	NaN	1.056	1.093	1.045	NaN	2.169	1.070
813	NaN	1.050	1.094	1.045	NaN	2.154	1.069
814	NaN	1.050	1.094	1.043	NaN	2.159	1.068
815	NaN	1.061	1.094	1.035	NaN	2.165	1.066
816	NaN	1.068	1.094	1.023	NaN	2.163	1.065
817	NaN	1.062	1.095	1.024	NaN	2.165	1.063
818	NaN	1.050	1.095	1.039	NaN	2.170	1.062
819	NaN	1.044	1.095	1.050	NaN	2.172	1.061
820	NaN	1.046	1.095	1.047	NaN	2.180	1.061
821	NaN	1.050	1.095	1.026	NaN	2.200	1.063
822	NaN	1.050	1.095	1.007	NaN	2.208	1.067
823	NaN	1.043	1.096	1.008	NaN	2.198	1.072
824	NaN	1.038	1.096	1.023	NaN	2.173	1.075
825	NaN	1.040	1.096	1.037	NaN	2.171	1.076
826	NaN	1.047	1.096	1.049	NaN	2.188	1.076
827	NaN	1.056	1.096	1.056	NaN	2.210	1.076
828	NaN	1.064	1.096	1.054	NaN	2.216	1.078
829	NaN	1.067	1.096	1.047	NaN	2.196	1.082
830	NaN	1.067	1.096	1.043	NaN	2.175	1.084
831	NaN	1.068	1.097	1.046	NaN	2.171	1.084
832	NaN	1.073	1.097	1.048	NaN	2.178	1.079
833	NaN	1.076	1.098	1.044	NaN	2.177	1.073
834	NaN	1.072	1.099	1.040	NaN	2.171	1.068
835	NaN	1.067	1.100	1.045	NaN	2.172	1.064
836	NaN	1.067	1.101	1.054	NaN	2.197	1.062
837	NaN	1.069	1.102	1.061	NaN	2.222	1.064
838	NaN	1.069	1.103	1.061	NaN	2.197	1.068
839	NaN	1.069	1.104	1.051	NaN	2.161	1.074
840	NaN	1.070	1.105	1.037	NaN	2.163	1.080
841	NaN	1.073	1.107	1.031	NaN	2.195	1.084
842	NaN	1.075	1.107	1.040	NaN	2.209	1.084
843	NaN	1.075	1.108	1.055	NaN	2.206	1.081
844	NaN	1.068	1.109	1.059	NaN	2.208	1.074
845	NaN	1.059	1.109	1.049	NaN	2.199	1.068
846	NaN	1.053	1.109	1.036	NaN	2.174	1.063
847	NaN	1.053	1.109	1.037	NaN	2.170	1.062
848	NaN	1.055	1.109	1.045	NaN	2.185	1.064
849	NaN	1.057	1.108	1.048	NaN	2.194	1.066
850	NaN	1.062	1.107	1.045	NaN	2.184	1.068
851	NaN	1.068	1.106	1.044	NaN	2.185	1.071
852	NaN	1.072	1.106	1.045	NaN	2.186	1.075
853	NaN	1.069	1.105	1.045	NaN	2.165	1.078
854	NaN	1.062	1.105	1.049	NaN	2.140	1.080
855	NaN	1.059	1.105	1.065	NaN	2.155	1.080
856	NaN	1.060	1.105	1.082	NaN	2.197	1.078
857	NaN	1.060	1.105	1.091	NaN	2.231	1.076
858	NaN	1.059	1.106	1.096	NaN	2.231	1.076
859	NaN	1.059	1.107	1.097	NaN	2.218	1.077
860	NaN	1.065	1.108	1.088	NaN	2.210	1.079
861	NaN	1.077	1.109	1.068	NaN	2.200	1.080
862	NaN	1.088	1.111	1.049	NaN	2.194	1.081
863	NaN	1.095	1.112	1.045	NaN	2.203	1.083
864	NaN	1.089	1.113	1.052	NaN	2.204	1.086
865	NaN	1.074	1.113	1.052	NaN	2.190	1.090
866	NaN	1.069	1.114	1.045	NaN	2.178	1.092
867	NaN	1.079	1.114	1.041	NaN	2.190	1.091
868	NaN	1.090	1.114	1.047	NaN	2.221	1.087
869	NaN	1.090	1.114	1.057	NaN	2.226	1.083
870	NaN	1.078	1.114	1.059	NaN	2.215	1.081
871	NaN	1.062	1.113	1.058	NaN	2.206	1.082
872	NaN	1.050	1.113	1.059	NaN	2.206	1.085
873	NaN	1.045	1.112	1.062	NaN	2.200	1.088
874	NaN	1.046	1.112	1.059	NaN	2.189	1.089
875	NaN	1.051	1.112	1.054	NaN	2.179	1.087
876	NaN	1.059	1.113	1.057	NaN	2.186	1.084
877	NaN	1.066	1.113	1.066	NaN	2.224	1.082
878	NaN	1.070	1.114	1.071	NaN	2.266	1.082
879	NaN	1.073	1.115	1.070	NaN	2.250	1.083
880	NaN	1.076	1.116	1.063	NaN	2.221	1.086
881	NaN	1.077	1.117	1.053	NaN	2.216	1.087
882	NaN	1.072	1.118	1.050	NaN	2.211	1.086
883	NaN	1.061	1.119	1.057	NaN	2.205	1.085
884	NaN	1.055	1.120	1.067	NaN	2.208	1.083
885	NaN	1.054	1.120	1.065	NaN	2.215	1.082
886	NaN	1.058	1.120	1.052	NaN	2.212	1.081
887	NaN	1.067	1.121	1.040	NaN	2.194	1.081
888	NaN	1.076	1.121	1.039	NaN	2.181	1.080
889	NaN	1.078	1.120	1.048	NaN	2.190	1.080
890	NaN	1.075	1.120	1.062	NaN	2.198	1.079
891	NaN	1.074	1.120	1.069	NaN	2.197	1.077
892	NaN	1.076	1.119	1.064	NaN	2.191	1.075
893	NaN	1.080	1.119	1.058	NaN	2.200	1.074
894	NaN	1.079	1.118	1.054	NaN	2.228	1.075
895	NaN	1.068	1.117	1.050	NaN	2.262	1.077
896	NaN	1.057	1.117	1.040	NaN	2.281	1.081
897	NaN	1.054	1.117	1.033	NaN	2.263	1.083
898	NaN	1.060	1.116	1.043	NaN	2.244	1.084
899	NaN	1.068	1.116	1.060	NaN	2.229	1.083
900	NaN	1.069	1.116	1.072	NaN	2.223	1.084
901	NaN	1.068	1.116	1.073	NaN	2.245	1.085
902	NaN	1.070	1.116	1.068	NaN	2.266	1.086
903	NaN	1.074	1.116	1.069	NaN	2.259	1.087
904	NaN	1.075	1.117	1.074	NaN	2.242	1.088
905	NaN	1.075	1.117	1.079	NaN	2.242	1.089
906	NaN	1.076	1.118	1.083	NaN	2.221	1.089
907	NaN	1.077	1.118	1.084	NaN	NaN	1.089
908	NaN	1.071	1.119	1.085	NaN	NaN	1.089
909	NaN	1.057	1.120	1.084	NaN	NaN	1.090
910	NaN	1.048	1.120	1.081	NaN	NaN	1.091
911	NaN	1.057	1.121	1.083	NaN	NaN	1.092
912	NaN	1.080	1.122	1.087	NaN	NaN	1.092
913	NaN	1.100	1.123	1.086	NaN	NaN	1.092
914	NaN	1.107	1.124	1.086	NaN	NaN	1.091
915	NaN	1.102	1.125	1.091	NaN	NaN	1.090
916	NaN	1.088	1.125	1.086	NaN	NaN	1.091
917	NaN	1.071	1.126	1.065	NaN	NaN	1.094
918	NaN	1.062	1.127	1.057	NaN	NaN	1.096
919	NaN	1.063	1.128	1.077	NaN	NaN	1.097
920	NaN	1.069	1.128	1.104	NaN	NaN	1.095
921	NaN	1.073	1.129	1.109	NaN	NaN	1.094
922	NaN	1.074	1.129	1.093	NaN	NaN	1.093
923	NaN	1.076	1.129	1.075	NaN	NaN	1.092
924	NaN	1.080	1.129	1.065	NaN	NaN	1.091
925	NaN	1.083	1.128	1.063	NaN	NaN	1.089
926	NaN	1.084	1.128	1.061	NaN	NaN	1.087
927	NaN	1.083	1.127	1.053	NaN	NaN	1.087
928	NaN	1.078	1.126	1.047	NaN	NaN	1.087
929	NaN	1.074	1.125	1.044	NaN	NaN	1.088
930	NaN	1.073	1.124	1.049	NaN	NaN	1.089
931	NaN	1.075	1.123	1.063	NaN	NaN	1.089
932	NaN	1.077	1.122	1.078	NaN	NaN	1.090
933	NaN	1.076	1.121	1.081	NaN	NaN	1.091
934	NaN	1.079	1.121	1.077	NaN	NaN	1.092
935	NaN	1.085	1.121	1.077	NaN	NaN	1.094
936	NaN	1.087	1.121	1.083	NaN	NaN	1.096
937	NaN	1.084	1.121	1.098	NaN	NaN	1.097
938	NaN	1.080	1.122	1.116	NaN	NaN	1.097
939	NaN	1.077	1.124	1.122	NaN	NaN	1.098
940	NaN	1.075	1.125	1.112	NaN	NaN	1.098
941	NaN	1.075	1.127	1.098	NaN	NaN	1.099
942	NaN	1.079	1.128	1.085	NaN	NaN	1.099
943	NaN	1.082	1.130	1.076	NaN	NaN	1.100
944	NaN	1.084	1.131	1.069	NaN	NaN	1.100
945	NaN	1.088	1.132	1.068	NaN	NaN	1.100
946	NaN	1.094	1.133	1.066	NaN	NaN	1.100
947	NaN	1.095	1.134	1.065	NaN	NaN	1.099
948	NaN	1.089	1.134	1.065	NaN	NaN	1.100
949	NaN	1.083	1.134	1.062	NaN	NaN	1.103
950	NaN	1.085	1.134	1.060	NaN	NaN	1.106
951	NaN	1.094	1.134	1.066	NaN	NaN	1.109
952	NaN	1.102	1.134	1.083	NaN	NaN	1.110
953	NaN	1.100	1.133	1.098	NaN	NaN	1.109
954	NaN	1.090	1.133	1.101	NaN	NaN	1.107
955	NaN	1.077	1.132	1.102	NaN	NaN	1.102
956	NaN	1.064	1.132	1.105	NaN	NaN	1.098
957	NaN	1.058	1.131	1.102	NaN	NaN	1.094
958	NaN	1.063	1.131	1.085	NaN	NaN	1.092
959	NaN	1.073	1.131	1.067	NaN	NaN	1.092
960	NaN	1.078	1.131	1.063	NaN	NaN	1.093
961	NaN	1.074	1.131	1.069	NaN	NaN	1.093
962	NaN	1.069	1.132	1.074	NaN	NaN	1.093
963	NaN	1.066	1.133	1.077	NaN	NaN	1.094
964	NaN	1.069	1.134	1.079	NaN	NaN	1.094
965	NaN	1.077	1.135	1.079	NaN	NaN	1.095
966	NaN	1.087	1.136	1.076	NaN	NaN	1.098
967	NaN	1.093	1.137	1.072	NaN	NaN	1.102
968	NaN	1.091	1.138	1.076	NaN	NaN	1.105
969	NaN	1.082	1.138	1.091	NaN	NaN	1.105
970	NaN	1.075	1.139	1.100	NaN	NaN	1.103
971	NaN	1.069	1.139	1.091	NaN	NaN	1.099
972	NaN	1.064	1.139	1.078	NaN	NaN	1.095
973	NaN	1.066	1.139	1.075	NaN	NaN	1.093
974	NaN	1.074	1.139	1.086	NaN	NaN	1.093
975	NaN	1.080	1.139	1.100	NaN	NaN	1.094
976	NaN	1.084	1.138	1.099	NaN	NaN	1.096
977	NaN	1.090	1.138	1.084	NaN	NaN	1.098
978	NaN	1.096	1.137	1.075	NaN	NaN	1.100
979	NaN	1.100	1.137	1.084	NaN	NaN	1.102
980	NaN	1.096	1.136	1.102	NaN	NaN	1.104
981	NaN	1.086	1.136	1.111	NaN	NaN	1.105
982	NaN	1.077	1.136	1.098	NaN	NaN	1.104
983	NaN	1.074	1.136	1.074	NaN	NaN	1.103
984	NaN	1.080	1.136	1.061	NaN	NaN	1.102
985	NaN	1.089	1.136	1.067	NaN	NaN	1.101
986	NaN	1.095	1.136	1.079	NaN	NaN	1.100
987	NaN	1.094	1.137	1.083	NaN	NaN	1.096
988	NaN	1.089	1.137	1.077	NaN	NaN	1.093
989	NaN	1.089	1.137	1.071	NaN	NaN	1.093
990	NaN	1.094	1.137	1.067	NaN	NaN	1.096
991	NaN	1.097	1.137	1.070	NaN	NaN	1.100
992	NaN	1.097	1.137	1.085	NaN	NaN	1.105
993	NaN	1.097	1.138	1.104	NaN	NaN	1.107
994	NaN	1.098	1.138	1.111	NaN	NaN	1.109
995	NaN	1.098	1.138	1.113	NaN	NaN	1.111
996	NaN	1.097	1.138	1.113	NaN	NaN	1.113
997	NaN	1.095	1.138	1.108	NaN	NaN	1.115
998	NaN	1.093	1.138	1.101	NaN	NaN	1.115
999	NaN	1.092	1.138	1.101	NaN	NaN	1.113
1000	NaN	1.095	1.139	1.107	NaN	NaN	1.110
1001	NaN	1.100	1.139	1.119	NaN	NaN	1.108
1002	NaN	1.099	1.140	1.140	NaN	NaN	1.107
1003	NaN	1.093	1.140	1.170	NaN	NaN	1.108
1004	NaN	1.089	1.141	1.202	NaN	NaN	1.109
1005	NaN	1.090	1.142	1.237	NaN	NaN	1.110
1006	NaN	1.093	1.143	1.274	NaN	NaN	1.109
1007	NaN	1.098	1.144	1.311	NaN	NaN	1.106
1008	NaN	1.103	1.145	1.343	NaN	NaN	1.104
1009	NaN	1.102	1.146	1.372	NaN	NaN	1.104
1010	NaN	1.099	1.147	1.408	NaN	NaN	1.105
1011	NaN	1.098	1.148	1.447	NaN	NaN	1.108
1012	NaN	1.096	1.148	1.481	NaN	NaN	1.109
1013	NaN	1.091	1.148	1.512	NaN	NaN	1.110
1014	NaN	1.090	1.149	1.545	NaN	NaN	1.109
1015	NaN	1.097	1.149	1.580	NaN	NaN	1.108
1016	NaN	1.102	1.149	1.614	NaN	NaN	1.107
1017	NaN	1.101	1.149	1.646	NaN	NaN	1.107
1018	NaN	1.096	1.149	1.681	NaN	NaN	1.108
1019	NaN	1.091	1.149	1.719	NaN	NaN	1.108
1020	NaN	1.087	1.150	1.753	NaN	NaN	1.107
1021	NaN	1.084	1.150	1.784	NaN	NaN	1.104
1022	NaN	1.082	1.151	1.809	NaN	NaN	1.100
1023	NaN	1.081	1.151	1.827	NaN	NaN	1.096
1024	NaN	1.080	1.152	1.839	NaN	NaN	1.094
1025	NaN	1.079	1.153	1.855	NaN	NaN	1.096
1026	NaN	1.086	1.153	1.878	NaN	NaN	1.099
1027	NaN	1.097	1.154	1.899	NaN	NaN	1.104
1028	NaN	1.103	1.154	1.913	NaN	NaN	1.108
1029	NaN	1.096	1.154	1.924	NaN	NaN	1.112
1030	NaN	1.086	1.154	1.937	NaN	NaN	1.115
1031	NaN	1.080	1.154	1.953	NaN	NaN	1.115
1032	NaN	1.079	1.154	1.970	NaN	NaN	1.114
1033	NaN	1.079	1.154	1.983	NaN	NaN	1.112
1034	NaN	1.078	1.154	1.993	NaN	NaN	1.112
1035	NaN	1.079	1.155	2.013	NaN	NaN	1.113
1036	NaN	1.086	1.155	2.033	NaN	NaN	1.114
1037	NaN	1.095	1.155	2.039	NaN	NaN	1.116
1038	NaN	1.101	1.156	2.041	NaN	NaN	1.119
1039	NaN	1.101	1.156	2.052	NaN	NaN	1.121
1040	NaN	1.098	1.157	2.061	NaN	NaN	1.122
1041	NaN	1.094	1.157	2.053	NaN	NaN	1.121
1042	NaN	1.091	1.158	2.039	NaN	NaN	1.119
1043	NaN	1.089	1.158	2.034	NaN	NaN	1.117
1044	NaN	1.089	1.159	2.046	NaN	NaN	1.117
1045	NaN	1.092	1.159	2.061	NaN	NaN	1.118
1046	NaN	1.093	1.159	2.071	NaN	NaN	1.118
1047	NaN	1.093	1.159	2.076	NaN	NaN	1.119
1048	NaN	1.092	1.159	2.080	NaN	NaN	1.117
1049	NaN	1.088	1.159	2.082	NaN	NaN	1.116
1050	NaN	1.083	1.159	2.083	NaN	NaN	1.115
1051	NaN	1.079	1.158	2.084	NaN	NaN	1.117
1052	NaN	1.080	1.158	2.086	NaN	NaN	1.120
1053	NaN	1.084	1.157	2.087	NaN	NaN	1.122
1054	NaN	1.088	1.157	2.086	NaN	NaN	1.123
1055	NaN	1.090	1.156	2.088	NaN	NaN	1.122
1056	NaN	1.088	1.155	2.090	NaN	NaN	1.121
1057	NaN	1.086	1.155	2.091	NaN	NaN	1.121
1058	NaN	1.087	1.155	2.092	NaN	NaN	1.121
1059	NaN	1.089	1.155	2.097	NaN	NaN	1.122
1060	NaN	1.092	1.155	2.109	NaN	NaN	1.123
1061	NaN	1.097	1.155	2.126	NaN	NaN	1.123
1062	NaN	1.105	1.155	2.140	NaN	NaN	1.124
1063	NaN	1.112	1.156	2.144	NaN	NaN	1.124
1064	NaN	1.109	1.157	2.134	NaN	NaN	1.124
1065	NaN	1.100	1.157	2.122	NaN	NaN	1.123
1066	NaN	1.093	1.158	2.113	NaN	NaN	1.122
1067	NaN	1.091	1.159	2.109	NaN	NaN	1.121
1068	NaN	1.094	1.160	2.115	NaN	NaN	1.123
1069	NaN	1.097	1.160	2.128	NaN	NaN	1.126
1070	NaN	1.097	1.161	2.138	NaN	NaN	1.129
1071	NaN	1.092	1.162	2.137	NaN	NaN	1.132
1072	NaN	1.085	1.162	2.129	NaN	NaN	1.131
1073	NaN	1.081	1.163	2.126	NaN	NaN	1.127
1074	NaN	1.081	1.163	2.132	NaN	NaN	1.121
1075	NaN	1.086	1.163	2.145	NaN	NaN	1.116
1076	NaN	1.091	1.164	2.155	NaN	NaN	1.113
1077	NaN	1.095	1.164	2.158	NaN	NaN	1.112
1078	NaN	1.097	1.164	2.157	NaN	NaN	1.113
1079	NaN	1.097	1.163	2.154	NaN	NaN	1.116
1080	NaN	1.094	1.163	2.149	NaN	NaN	1.121
1081	NaN	1.087	1.163	2.152	NaN	NaN	1.127
1082	NaN	1.078	1.162	2.170	NaN	NaN	1.131
1083	NaN	1.073	1.162	2.191	NaN	NaN	1.132
1084	NaN	1.076	1.162	2.195	NaN	NaN	1.130
1085	NaN	1.083	1.162	2.178	NaN	NaN	1.124
1086	NaN	1.089	1.161	2.159	NaN	NaN	1.119
1087	NaN	1.093	1.161	2.154	NaN	NaN	1.116
1088	NaN	1.095	1.162	2.160	NaN	NaN	1.115
1089	NaN	1.095	1.162	2.165	NaN	NaN	1.117
1090	NaN	1.098	1.162	2.167	NaN	NaN	1.119
1091	NaN	1.103	1.163	2.168	NaN	NaN	1.123
1092	NaN	1.107	1.163	2.162	NaN	NaN	1.125
1093	NaN	1.104	1.164	2.151	NaN	NaN	1.126
1094	NaN	1.096	1.165	2.148	NaN	NaN	1.125
1095	NaN	1.088	1.165	2.162	NaN	NaN	1.123
1096	NaN	1.086	1.166	2.182	NaN	NaN	1.121
1097	NaN	1.094	1.167	2.190	NaN	NaN	1.122
1098	NaN	1.104	1.168	2.186	NaN	NaN	1.123
1099	NaN	1.107	1.169	2.179	NaN	NaN	1.123
1100	NaN	1.103	1.170	2.172	NaN	NaN	1.123
1101	NaN	1.099	1.170	2.167	NaN	NaN	1.123
1102	NaN	1.096	1.171	2.165	NaN	NaN	1.124
1103	NaN	1.091	1.172	2.168	NaN	NaN	1.125
1104	NaN	1.088	1.173	2.174	NaN	NaN	1.126
1105	NaN	1.093	1.174	2.176	NaN	NaN	1.126
1106	NaN	1.103	1.175	2.175	NaN	NaN	1.125
1107	NaN	1.111	1.175	2.169	NaN	NaN	1.123
1108	NaN	1.116	1.175	2.166	NaN	NaN	1.123
1109	NaN	1.121	1.176	2.166	NaN	NaN	1.124
1110	NaN	1.121	1.176	2.167	NaN	NaN	1.126
1111	NaN	1.113	1.176	2.169	NaN	NaN	1.128
1112	NaN	1.103	1.176	2.171	NaN	NaN	1.128
1113	NaN	1.098	1.176	2.169	NaN	NaN	1.128
1114	NaN	1.101	1.176	2.161	NaN	NaN	1.127
1115	NaN	1.109	1.176	2.154	NaN	NaN	1.125
1116	NaN	1.116	1.176	2.156	NaN	NaN	1.124
1117	NaN	1.117	1.175	2.161	NaN	NaN	1.123
1118	NaN	1.115	1.175	2.165	NaN	NaN	1.123
1119	NaN	1.113	1.174	2.168	NaN	NaN	1.123
1120	NaN	1.111	1.174	2.169	NaN	NaN	1.122
1121	NaN	1.110	1.173	2.163	NaN	NaN	1.122
1122	NaN	1.116	1.173	2.153	NaN	NaN	1.124
1123	NaN	1.120	1.172	2.141	NaN	NaN	1.128
1124	NaN	1.116	1.172	2.136	NaN	NaN	1.130
1125	NaN	1.105	1.173	2.142	NaN	NaN	1.131
1126	NaN	1.096	1.173	2.153	NaN	NaN	1.131
1127	NaN	1.089	1.174	2.160	NaN	NaN	1.131
1128	NaN	1.084	1.175	2.160	NaN	NaN	1.130
1129	NaN	1.081	1.176	2.160	NaN	NaN	1.130
1130	NaN	1.084	1.178	2.157	NaN	NaN	1.130
1131	NaN	1.096	1.179	2.157	NaN	NaN	1.130
1132	NaN	1.109	1.181	2.159	NaN	NaN	1.131
1133	NaN	1.115	1.182	2.160	NaN	NaN	1.132
1134	NaN	1.114	1.184	2.159	NaN	NaN	1.134
1135	NaN	1.109	1.186	2.158	NaN	NaN	1.137
1136	NaN	1.102	1.187	2.158	NaN	NaN	1.139
1137	NaN	1.092	1.188	2.153	NaN	NaN	1.142
1138	NaN	1.087	1.188	2.151	NaN	NaN	1.142
1139	NaN	1.093	1.189	2.160	NaN	NaN	1.140
1140	NaN	1.103	1.189	2.172	NaN	NaN	1.137
1141	NaN	1.109	1.189	2.178	NaN	NaN	1.134
1142	NaN	1.110	1.188	2.169	NaN	NaN	1.132
1143	NaN	1.110	1.188	2.154	NaN	NaN	1.132
1144	NaN	1.113	1.187	2.147	NaN	NaN	1.133
1145	NaN	1.117	1.187	2.151	NaN	NaN	1.135
1146	NaN	1.120	1.186	2.158	NaN	NaN	1.137
1147	NaN	1.119	1.185	2.165	NaN	NaN	1.138
1148	NaN	1.115	1.185	2.166	NaN	NaN	1.138
1149	NaN	1.111	1.184	2.161	NaN	NaN	1.137
1150	NaN	1.105	1.184	2.156	NaN	NaN	1.135
1151	NaN	1.101	1.184	2.156	NaN	NaN	1.133
1152	NaN	1.102	1.184	2.154	NaN	NaN	1.133
1153	NaN	1.111	1.184	2.145	NaN	NaN	1.134
1154	NaN	1.120	1.184	2.134	NaN	NaN	1.138
1155	NaN	1.120	1.184	2.131	NaN	NaN	1.142
1156	NaN	1.112	1.184	2.134	NaN	NaN	1.146
1157	NaN	1.105	1.184	2.137	NaN	NaN	1.147
1158	NaN	1.104	1.184	2.138	NaN	NaN	1.146
1159	NaN	1.106	1.184	2.137	NaN	NaN	1.143
1160	NaN	1.110	1.184	2.142	NaN	NaN	1.139
1161	NaN	1.118	1.184	2.152	NaN	NaN	1.136
1162	NaN	1.130	1.184	2.156	NaN	NaN	1.134
1163	NaN	1.145	1.184	2.154	NaN	NaN	1.134
1164	NaN	1.164	1.183	2.150	NaN	NaN	1.135
1165	NaN	1.188	1.183	2.150	NaN	NaN	1.136
1166	NaN	1.221	1.183	2.154	NaN	NaN	1.137
1167	NaN	1.261	1.183	2.164	NaN	NaN	1.137
1168	NaN	1.304	1.183	2.171	NaN	NaN	1.138
1169	NaN	1.343	1.183	2.166	NaN	NaN	1.140
1170	NaN	1.375	1.183	2.154	NaN	NaN	1.142
1171	NaN	1.404	1.183	2.147	NaN	NaN	1.143
1172	NaN	1.434	1.183	2.151	NaN	NaN	1.143
1173	NaN	1.472	1.184	2.164	NaN	NaN	1.143
1174	NaN	1.515	1.185	2.172	NaN	NaN	1.142
1175	NaN	1.554	1.186	2.170	NaN	NaN	1.142
1176	NaN	1.587	1.187	2.164	NaN	NaN	1.141
1177	NaN	1.618	1.188	2.153	NaN	NaN	1.139
1178	NaN	1.651	1.189	2.143	NaN	NaN	1.138
1179	NaN	1.687	1.191	2.148	NaN	NaN	1.137
1180	NaN	1.721	1.192	2.164	NaN	NaN	1.137
1181	NaN	1.751	1.193	2.173	NaN	NaN	1.139
1182	NaN	1.774	1.194	2.164	NaN	NaN	1.141
1183	NaN	1.796	1.195	2.150	NaN	NaN	1.145
1184	NaN	1.819	1.196	2.140	NaN	NaN	1.147
1185	NaN	1.845	1.196	2.139	NaN	NaN	1.147
1186	NaN	1.871	1.197	2.144	NaN	NaN	1.145
1187	NaN	1.891	1.198	2.149	NaN	NaN	1.142
1188	NaN	1.906	1.198	2.149	NaN	NaN	1.141
1189	NaN	1.916	1.198	2.141	NaN	NaN	1.143
1190	NaN	1.922	1.199	2.129	NaN	NaN	1.147
1191	NaN	1.929	1.199	2.125	NaN	NaN	1.152
1192	NaN	1.941	1.199	2.135	NaN	NaN	1.158
1193	NaN	1.957	1.198	2.157	NaN	NaN	1.165
1194	NaN	1.977	1.198	2.176	NaN	NaN	1.174
1195	NaN	1.992	1.198	2.178	NaN	NaN	1.184
1196	NaN	1.999	1.197	2.166	NaN	NaN	1.194
1197	NaN	2.001	1.196	2.156	NaN	NaN	1.206
1198	NaN	2.009	1.195	2.154	NaN	NaN	1.218
1199	NaN	2.020	1.194	2.154	NaN	NaN	1.233
1200	NaN	2.026	1.194	2.153	NaN	NaN	1.250
1201	NaN	2.023	1.193	2.154	NaN	NaN	1.269
1202	NaN	2.018	1.192	2.155	NaN	NaN	1.289
1203	NaN	2.016	1.192	2.159	NaN	NaN	1.309
1204	NaN	2.020	1.191	2.166	NaN	NaN	1.330
1205	NaN	2.029	1.191	2.169	NaN	NaN	1.350
1206	NaN	2.038	1.191	2.164	NaN	NaN	1.371
1207	NaN	2.050	1.192	2.156	NaN	NaN	1.393
1208	NaN	2.060	1.192	2.154	NaN	NaN	1.414
1209	NaN	2.064	1.193	2.156	NaN	NaN	1.434
1210	NaN	2.060	1.193	2.153	NaN	NaN	1.453
1211	NaN	2.056	1.194	2.145	NaN	NaN	1.471
1212	NaN	2.057	1.195	2.136	NaN	NaN	1.488
1213	NaN	2.064	1.197	2.130	NaN	NaN	1.507
1214	NaN	2.066	1.199	2.129	NaN	NaN	1.525
1215	NaN	2.053	1.201	2.136	NaN	NaN	1.543
1216	NaN	2.039	1.205	2.150	NaN	NaN	1.561
1217	NaN	2.043	1.209	2.163	NaN	NaN	1.580
1218	NaN	2.065	1.215	2.161	NaN	NaN	1.600
1219	NaN	2.085	1.222	2.149	NaN	NaN	1.620
1220	NaN	2.098	1.231	2.144	NaN	NaN	1.638
1221	NaN	2.106	1.241	2.152	NaN	NaN	1.654
1222	NaN	2.107	1.253	2.167	NaN	NaN	1.667
1223	NaN	2.097	1.267	2.183	NaN	NaN	1.678
1224	NaN	2.081	1.283	2.188	NaN	NaN	1.689
1225	NaN	2.068	1.300	2.176	NaN	NaN	1.702
1226	NaN	2.062	1.319	2.156	NaN	NaN	1.717
1227	NaN	2.071	1.339	2.145	NaN	NaN	1.734
1228	NaN	2.090	1.361	2.145	NaN	NaN	1.752
1229	NaN	2.103	1.383	2.146	NaN	NaN	1.768
1230	NaN	2.099	1.407	2.139	NaN	NaN	1.782
1231	NaN	2.087	1.431	2.127	NaN	NaN	1.794
1232	NaN	2.082	1.455	2.123	NaN	NaN	1.805
1233	NaN	2.085	1.480	2.128	NaN	NaN	1.815
1234	NaN	2.087	1.504	2.137	NaN	NaN	1.826
1235	NaN	2.086	1.529	2.142	NaN	NaN	1.837
1236	NaN	2.083	1.553	2.142	NaN	NaN	1.847
1237	NaN	2.082	1.576	2.145	NaN	NaN	1.858
1238	NaN	2.089	1.599	2.162	NaN	NaN	1.867
1239	NaN	2.101	1.622	2.182	NaN	NaN	1.875
1240	NaN	2.106	1.643	2.186	NaN	NaN	1.883
1241	NaN	2.104	1.664	2.167	NaN	NaN	1.892
1242	NaN	2.093	1.685	2.144	NaN	NaN	1.901
1243	NaN	2.084	1.704	2.129	NaN	NaN	1.909
1244	NaN	2.089	1.723	2.127	NaN	NaN	1.918
1245	NaN	2.104	1.741	2.142	NaN	NaN	1.927
1246	NaN	2.113	1.758	2.162	NaN	NaN	1.936
1247	NaN	2.108	1.775	2.174	NaN	NaN	1.944
1248	NaN	2.095	1.791	2.165	NaN	NaN	1.950
1249	NaN	2.085	1.807	2.139	NaN	NaN	1.954
1250	NaN	2.077	1.821	2.123	NaN	NaN	1.956
1251	NaN	2.068	1.835	2.130	NaN	NaN	1.958
1252	NaN	2.066	1.849	2.150	NaN	NaN	1.961
1253	NaN	2.077	1.861	2.160	NaN	NaN	1.965
1254	NaN	2.096	1.873	2.154	NaN	NaN	1.969
1255	NaN	2.106	1.884	2.149	NaN	NaN	1.975
1256	NaN	2.105	1.895	2.150	NaN	NaN	1.982
1257	NaN	2.104	1.904	2.148	NaN	NaN	1.991
1258	NaN	2.109	1.914	2.145	NaN	NaN	2.001
1259	NaN	2.112	1.923	2.144	NaN	NaN	2.009
1260	NaN	NaN	1.931	2.146	NaN	NaN	2.014
1261	NaN	NaN	1.940	2.149	NaN	NaN	2.014
1262	NaN	NaN	1.948	2.152	NaN	NaN	2.013
1263	NaN	NaN	1.956	2.151	NaN	NaN	2.012
1264	NaN	NaN	1.965	2.143	NaN	NaN	2.014
1265	NaN	NaN	1.973	2.128	NaN	NaN	2.018
1266	NaN	NaN	1.981	2.112	NaN	NaN	2.023
1267	NaN	NaN	1.990	2.105	NaN	NaN	2.027
1268	NaN	NaN	1.998	2.110	NaN	NaN	2.029
1269	NaN	NaN	2.006	2.120	NaN	NaN	2.030
1270	NaN	NaN	2.014	2.127	NaN	NaN	2.029
1271	NaN	NaN	2.021	2.133	NaN	NaN	2.029
1272	NaN	NaN	2.028	2.137	NaN	NaN	2.031
1273	NaN	NaN	2.034	2.133	NaN	NaN	2.037
1274	NaN	NaN	2.040	2.120	NaN	NaN	2.044
1275	NaN	NaN	2.045	2.103	NaN	NaN	2.050
1276	NaN	NaN	2.050	2.098	NaN	NaN	2.055
1277	NaN	NaN	2.054	2.106	NaN	NaN	2.059
1278	NaN	NaN	2.058	2.120	NaN	NaN	2.062
1279	NaN	NaN	2.062	2.130	NaN	NaN	2.066
1280	NaN	NaN	2.066	2.133	NaN	NaN	2.069
1281	NaN	NaN	2.069	2.127	NaN	NaN	2.072
1282	NaN	NaN	2.072	2.122	NaN	NaN	2.074
1283	NaN	NaN	2.075	2.126	NaN	NaN	2.075
1284	NaN	NaN	2.078	2.136	NaN	NaN	2.077
1285	NaN	NaN	2.081	2.147	NaN	NaN	2.076
1286	NaN	NaN	2.083	2.155	NaN	NaN	2.073
1287	NaN	NaN	2.086	2.162	NaN	NaN	2.069
1288	NaN	NaN	2.089	2.161	NaN	NaN	2.065
1289	NaN	NaN	2.091	2.152	NaN	NaN	2.062
1290	NaN	NaN	2.094	2.149	NaN	NaN	2.062
1291	NaN	NaN	2.096	2.152	NaN	NaN	2.065
1292	NaN	NaN	2.099	2.148	NaN	NaN	2.069
1293	NaN	NaN	2.102	2.131	NaN	NaN	2.073
1294	NaN	NaN	2.104	2.116	NaN	NaN	2.078
1295	NaN	NaN	2.107	2.113	NaN	NaN	2.083
1296	NaN	NaN	2.110	2.120	NaN	NaN	2.089
1297	NaN	NaN	2.114	2.129	NaN	NaN	2.093
1298	NaN	NaN	2.117	2.136	NaN	NaN	2.095
1299	NaN	NaN	2.120	2.139	NaN	NaN	2.091
1300	NaN	NaN	2.123	2.143	NaN	NaN	2.084
1301	NaN	NaN	2.126	2.152	NaN	NaN	2.078
1302	NaN	NaN	2.129	2.161	NaN	NaN	2.074
1303	NaN	NaN	2.131	2.159	NaN	NaN	2.074
1304	NaN	NaN	2.134	2.141	NaN	NaN	2.078
1305	NaN	NaN	2.136	2.115	NaN	NaN	2.081
1306	NaN	NaN	2.137	2.102	NaN	NaN	2.081
1307	NaN	NaN	2.139	2.109	NaN	NaN	2.079
1308	NaN	NaN	2.140	2.127	NaN	NaN	2.079
1309	NaN	NaN	2.141	2.146	NaN	NaN	2.083
1310	NaN	NaN	2.142	2.160	NaN	NaN	2.090
1311	NaN	NaN	2.143	2.161	NaN	NaN	2.097
1312	NaN	NaN	2.144	2.156	NaN	NaN	2.102
1313	NaN	NaN	2.145	2.149	NaN	NaN	2.103
1314	NaN	NaN	2.146	2.142	NaN	NaN	2.101
1315	NaN	NaN	2.147	2.139	NaN	NaN	2.097
1316	NaN	NaN	2.149	2.136	NaN	NaN	2.093
1317	NaN	NaN	2.150	2.133	NaN	NaN	2.091
1318	NaN	NaN	2.152	2.131	NaN	NaN	2.090
1319	NaN	NaN	2.154	2.141	NaN	NaN	2.093
1320	NaN	NaN	2.156	2.156	NaN	NaN	2.096
1321	NaN	NaN	2.158	2.156	NaN	NaN	2.099
1322	NaN	NaN	2.160	2.147	NaN	NaN	2.101
1323	NaN	NaN	2.162	2.136	NaN	NaN	2.103
1324	NaN	NaN	2.164	2.126	NaN	NaN	2.105
1325	NaN	NaN	2.166	2.123	NaN	NaN	2.107
1326	NaN	NaN	2.168	2.131	NaN	NaN	2.108
1327	NaN	NaN	2.170	2.147	NaN	NaN	2.106
1328	NaN	NaN	2.172	2.159	NaN	NaN	2.101
1329	NaN	NaN	2.174	2.153	NaN	NaN	2.096
1330	NaN	NaN	2.176	2.125	NaN	NaN	2.093
1331	NaN	NaN	2.178	2.096	NaN	NaN	2.095
1332	NaN	NaN	2.181	2.094	NaN	NaN	2.101
1333	NaN	NaN	2.183	2.114	NaN	NaN	2.109
1334	NaN	NaN	2.185	2.130	NaN	NaN	2.114
1335	NaN	NaN	2.188	2.132	NaN	NaN	2.116
1336	NaN	NaN	2.190	2.129	NaN	NaN	2.116
1337	NaN	NaN	2.192	2.126	NaN	NaN	2.115
1338	NaN	NaN	2.194	2.121	NaN	NaN	2.113
1339	NaN	NaN	2.196	2.114	NaN	NaN	2.111
1340	NaN	NaN	2.197	2.106	NaN	NaN	2.110
1341	NaN	NaN	2.198	2.103	NaN	NaN	2.110
1342	NaN	NaN	2.199	2.111	NaN	NaN	2.109
1343	NaN	NaN	2.200	2.121	NaN	NaN	2.108
1344	NaN	NaN	2.201	2.124	NaN	NaN	2.105
1345	NaN	NaN	2.202	2.120	NaN	NaN	2.102
1346	NaN	NaN	2.203	2.119	NaN	NaN	2.099
1347	NaN	NaN	2.204	2.121	NaN	NaN	2.099
1348	NaN	NaN	2.205	2.125	NaN	NaN	2.103
1349	NaN	NaN	2.205	2.130	NaN	NaN	2.112
1350	NaN	NaN	2.206	2.134	NaN	NaN	2.125
1351	NaN	NaN	2.207	2.137	NaN	NaN	2.133
1352	NaN	NaN	2.207	2.139	NaN	NaN	2.136
1353	NaN	NaN	2.208	2.137	NaN	NaN	2.132
1354	NaN	NaN	2.208	2.133	NaN	NaN	2.125
1355	NaN	NaN	2.208	2.136	NaN	NaN	2.120
1356	NaN	NaN	2.208	2.147	NaN	NaN	2.117
1357	NaN	NaN	2.208	2.158	NaN	NaN	2.118
1358	NaN	NaN	2.208	2.160	NaN	NaN	2.121
1359	NaN	NaN	2.208	2.155	NaN	NaN	2.124
1360	NaN	NaN	2.207	2.148	NaN	NaN	2.125
1361	NaN	NaN	2.207	2.146	NaN	NaN	2.123
1362	NaN	NaN	2.206	2.149	NaN	NaN	2.120
1363	NaN	NaN	2.206	2.153	NaN	NaN	2.118
1364	NaN	NaN	2.207	2.153	NaN	NaN	2.115
1365	NaN	NaN	2.207	2.152	NaN	NaN	2.115
1366	NaN	NaN	2.208	2.155	NaN	NaN	2.118
1367	NaN	NaN	2.208	2.157	NaN	NaN	2.123
1368	NaN	NaN	2.209	2.146	NaN	NaN	2.128
1369	NaN	NaN	2.210	2.128	NaN	NaN	2.129
1370	NaN	NaN	2.210	2.116	NaN	NaN	2.128
1371	NaN	NaN	2.210	2.118	NaN	NaN	2.126
1372	NaN	NaN	2.210	2.132	NaN	NaN	2.123
1373	NaN	NaN	2.210	2.146	NaN	NaN	2.122
1374	NaN	NaN	2.210	2.151	NaN	NaN	2.122
1375	NaN	NaN	2.210	2.143	NaN	NaN	2.123
1376	NaN	NaN	2.209	2.130	NaN	NaN	2.124
1377	NaN	NaN	2.209	2.122	NaN	NaN	2.122
1378	NaN	NaN	2.208	2.117	NaN	NaN	2.120
1379	NaN	NaN	2.208	2.118	NaN	NaN	2.118
1380	NaN	NaN	2.207	2.125	NaN	NaN	2.117
1381	NaN	NaN	2.207	2.128	NaN	NaN	2.119
1382	NaN	NaN	2.206	2.122	NaN	NaN	2.121
1383	NaN	NaN	2.206	2.124	NaN	NaN	2.124
1384	NaN	NaN	2.205	2.135	NaN	NaN	2.126
1385	NaN	NaN	2.205	2.147	NaN	NaN	2.126
1386	NaN	NaN	2.204	2.155	NaN	NaN	2.123
1387	NaN	NaN	2.204	2.156	NaN	NaN	2.118
1388	NaN	NaN	2.204	2.154	NaN	NaN	2.113
1389	NaN	NaN	2.203	2.148	NaN	NaN	2.110
1390	NaN	NaN	2.203	2.136	NaN	NaN	2.110
1391	NaN	NaN	2.202	2.125	NaN	NaN	2.111
1392	NaN	NaN	2.202	2.119	NaN	NaN	2.114
1393	NaN	NaN	2.202	2.116	NaN	NaN	2.116
1394	NaN	NaN	2.202	2.107	NaN	NaN	2.116
1395	NaN	NaN	2.203	2.094	NaN	NaN	2.112
1396	NaN	NaN	2.203	2.096	NaN	NaN	2.107
1397	NaN	NaN	2.204	2.115	NaN	NaN	2.102
1398	NaN	NaN	2.205	2.137	NaN	NaN	2.102
1399	NaN	NaN	2.206	2.146	NaN	NaN	2.105
1400	NaN	NaN	2.208	2.142	NaN	NaN	2.108
1401	NaN	NaN	2.209	2.142	NaN	NaN	2.110
1402	NaN	NaN	2.211	2.153	NaN	NaN	2.110
1403	NaN	NaN	2.213	2.159	NaN	NaN	2.111
1404	NaN	NaN	2.214	2.153	NaN	NaN	2.113
1405	NaN	NaN	2.215	2.144	NaN	NaN	2.116
1406	NaN	NaN	2.216	2.142	NaN	NaN	2.118
1407	NaN	NaN	2.217	2.147	NaN	NaN	2.120
1408	NaN	NaN	2.218	2.149	NaN	NaN	2.123
1409	NaN	NaN	2.218	2.146	NaN	NaN	2.125
1410	NaN	NaN	2.218	2.143	NaN	NaN	2.126
1411	NaN	NaN	2.217	2.146	NaN	NaN	2.126
1412	NaN	NaN	2.217	2.147	NaN	NaN	2.123
1413	NaN	NaN	2.216	2.143	NaN	NaN	2.118
1414	NaN	NaN	2.215	2.138	NaN	NaN	2.112
1415	NaN	NaN	2.214	2.138	NaN	NaN	2.107
1416	NaN	NaN	2.213	2.136	NaN	NaN	2.104
1417	NaN	NaN	2.212	2.131	NaN	NaN	2.104
1418	NaN	NaN	2.211	2.125	NaN	NaN	2.107
1419	NaN	NaN	2.210	2.120	NaN	NaN	2.113
1420	NaN	NaN	2.209	2.117	NaN	NaN	2.119
1421	NaN	NaN	2.208	2.117	NaN	NaN	2.124
1422	NaN	NaN	2.207	2.123	NaN	NaN	2.124
1423	NaN	NaN	2.206	2.134	NaN	NaN	2.120
1424	NaN	NaN	2.205	2.140	NaN	NaN	2.116
1425	NaN	NaN	2.203	2.140	NaN	NaN	2.115
1426	NaN	NaN	2.201	2.139	NaN	NaN	2.117
1427	NaN	NaN	2.199	2.140	NaN	NaN	2.121
1428	NaN	NaN	2.197	2.132	NaN	NaN	2.120
1429	NaN	NaN	2.194	2.120	NaN	NaN	2.114
1430	NaN	NaN	2.191	2.117	NaN	NaN	2.105
1431	NaN	NaN	2.188	2.122	NaN	NaN	2.097
1432	NaN	NaN	2.186	2.117	NaN	NaN	2.094
1433	NaN	NaN	2.183	2.099	NaN	NaN	2.098
1434	NaN	NaN	2.181	2.088	NaN	NaN	2.103
1435	NaN	NaN	2.180	2.099	NaN	NaN	2.108
1436	NaN	NaN	2.178	2.124	NaN	NaN	2.109
1437	NaN	NaN	2.178	2.149	NaN	NaN	2.106
1438	NaN	NaN	2.178	2.162	NaN	NaN	2.102
1439	NaN	NaN	2.178	2.153	NaN	NaN	2.095
1440	NaN	NaN	2.179	2.122	NaN	NaN	2.086
