Timepoint	r-20170110-M1-0.25nM-High resolution-3h-4.csv-9	r-20170110-M1-0.25nM-High resolution-3h-4.csv-11	r-20170110-M1-0.25nM-High resolution-3h-5.csv-10	r-20170110-M1-0.25nM-High resolution-3h-5.csv-22	r-20170110-M1-0.25nM-High resolution-3h-5.csv-37	r-20170110-M1-0.25nM-High resolution-3h-5.csv-38
1	0.763	0.777	0.850	NaN	NaN	NaN
2	0.763	0.783	0.844	NaN	NaN	NaN
3	0.764	0.787	0.843	NaN	NaN	NaN
4	0.765	0.790	0.844	NaN	NaN	NaN
5	0.766	0.792	0.846	NaN	NaN	NaN
6	0.766	0.793	0.846	NaN	NaN	NaN
7	0.767	0.793	0.846	NaN	NaN	NaN
8	0.768	0.793	0.845	NaN	NaN	NaN
9	0.768	0.791	0.842	NaN	NaN	NaN
10	0.769	0.790	0.837	NaN	NaN	NaN
11	0.770	0.788	0.831	NaN	NaN	NaN
12	0.770	0.788	0.829	NaN	NaN	NaN
13	0.771	0.788	0.832	NaN	NaN	NaN
14	0.771	0.790	0.840	NaN	NaN	NaN
15	0.772	0.792	0.847	NaN	NaN	NaN
16	0.772	0.793	0.851	NaN	NaN	NaN
17	0.773	0.795	0.853	NaN	NaN	NaN
18	0.774	0.797	0.854	NaN	NaN	NaN
19	0.774	0.798	0.854	NaN	NaN	NaN
20	0.775	0.800	0.854	NaN	NaN	NaN
21	0.775	0.803	0.855	NaN	NaN	NaN
22	0.776	0.806	0.857	NaN	NaN	NaN
23	0.776	0.808	0.856	NaN	NaN	NaN
24	0.777	0.810	0.851	NaN	NaN	NaN
25	0.777	0.812	0.843	NaN	NaN	NaN
26	0.778	0.813	0.833	NaN	NaN	NaN
27	0.778	0.814	0.827	NaN	NaN	NaN
28	0.779	0.815	0.828	NaN	NaN	NaN
29	0.779	0.817	0.836	NaN	NaN	NaN
30	0.780	0.820	0.846	NaN	NaN	NaN
31	0.780	0.824	0.853	NaN	NaN	NaN
32	0.781	0.829	0.857	NaN	NaN	NaN
33	0.781	0.834	0.855	NaN	NaN	NaN
34	0.782	0.839	0.853	NaN	NaN	NaN
35	0.783	0.842	0.854	NaN	NaN	NaN
36	0.783	0.844	0.857	NaN	NaN	NaN
37	0.784	0.843	0.862	NaN	NaN	NaN
38	0.785	0.842	0.869	NaN	NaN	NaN
39	0.785	0.839	0.879	NaN	NaN	NaN
40	0.786	0.836	0.886	NaN	NaN	NaN
41	0.787	0.833	0.889	NaN	NaN	NaN
42	0.787	0.832	0.887	NaN	NaN	NaN
43	0.788	0.833	0.882	NaN	NaN	NaN
44	0.789	0.835	0.877	NaN	NaN	NaN
45	0.790	0.839	0.876	NaN	NaN	NaN
46	0.791	0.843	0.881	NaN	NaN	NaN
47	0.792	0.847	0.890	NaN	NaN	NaN
48	0.792	0.852	0.898	NaN	NaN	NaN
49	0.793	0.855	0.899	NaN	NaN	NaN
50	0.794	0.858	0.894	NaN	NaN	NaN
51	0.796	0.858	0.886	NaN	NaN	NaN
52	0.797	0.858	0.883	NaN	NaN	NaN
53	0.798	0.857	0.885	NaN	NaN	NaN
54	0.799	0.856	0.891	NaN	NaN	NaN
55	0.800	0.856	0.898	NaN	NaN	NaN
56	0.801	0.857	0.902	0.837	NaN	NaN
57	0.803	0.859	0.906	0.845	NaN	NaN
58	0.804	0.862	0.909	0.851	NaN	NaN
59	0.806	0.866	0.915	0.854	NaN	NaN
60	0.807	0.870	0.922	0.855	NaN	NaN
61	0.809	0.873	0.927	0.854	NaN	NaN
62	0.810	0.875	0.928	0.853	NaN	NaN
63	0.812	0.876	0.925	0.850	NaN	NaN
64	0.813	0.875	0.923	0.847	NaN	NaN
65	0.815	0.875	0.925	0.844	NaN	NaN
66	0.817	0.875	0.929	0.841	NaN	NaN
67	0.819	0.876	0.931	0.838	NaN	NaN
68	0.821	0.876	0.930	0.836	NaN	NaN
69	0.823	0.876	0.929	0.835	NaN	NaN
70	0.825	0.876	0.933	0.836	NaN	NaN
71	0.827	0.876	0.939	0.838	NaN	NaN
72	0.829	0.876	0.942	0.842	NaN	NaN
73	0.831	0.876	0.943	0.847	NaN	NaN
74	0.833	0.877	0.945	0.853	NaN	NaN
75	0.836	0.877	0.949	0.860	NaN	NaN
76	0.838	0.878	0.954	0.867	NaN	NaN
77	0.840	0.880	0.960	0.874	NaN	NaN
78	0.843	0.883	0.964	0.880	NaN	NaN
79	0.845	0.886	0.965	0.883	NaN	NaN
80	0.848	0.890	0.962	0.884	NaN	NaN
81	0.850	0.893	0.958	0.883	NaN	NaN
82	0.853	0.895	0.955	0.878	NaN	NaN
83	0.856	0.895	0.953	0.873	NaN	NaN
84	0.858	0.893	0.954	0.867	NaN	NaN
85	0.861	0.891	0.960	0.862	NaN	NaN
86	0.864	0.889	0.967	0.858	NaN	NaN
87	0.867	0.888	0.974	0.855	NaN	NaN
88	0.869	0.889	0.979	0.853	NaN	NaN
89	0.872	0.891	0.982	0.853	NaN	NaN
90	0.875	0.894	0.985	0.853	NaN	NaN
91	0.877	0.897	0.986	0.854	NaN	NaN
92	0.880	0.900	0.984	0.854	NaN	NaN
93	0.883	0.902	0.981	0.855	NaN	NaN
94	0.885	0.904	0.981	0.856	NaN	NaN
95	0.888	0.904	0.983	0.856	NaN	NaN
96	0.890	0.905	0.985	0.857	NaN	NaN
97	0.893	0.905	0.988	0.857	0.865	NaN
98	0.895	0.906	0.994	0.856	0.866	NaN
99	0.897	0.908	0.999	0.855	0.868	NaN
100	0.900	0.911	1.002	0.854	0.869	0.864
101	0.902	0.915	1.000	0.852	0.871	0.866
102	0.904	0.918	0.999	0.851	0.872	0.868
103	0.906	0.921	0.999	0.850	0.873	0.869
104	0.908	0.923	1.000	0.850	0.875	0.871
105	0.909	0.922	1.002	0.851	0.876	0.873
106	0.911	0.920	1.003	0.852	0.877	0.875
107	0.913	0.917	1.003	0.854	0.878	0.877
108	0.914	0.914	1.004	0.856	0.879	0.878
109	0.915	0.912	1.005	0.858	0.880	0.880
110	0.917	0.911	1.007	0.860	0.881	0.881
111	0.918	0.912	1.008	0.861	0.882	0.883
112	0.919	0.915	1.008	0.863	0.883	0.884
113	0.920	0.919	1.009	0.864	0.883	0.885
114	0.921	0.923	1.014	0.866	0.884	0.887
115	0.922	0.927	1.026	0.868	0.885	0.888
116	0.923	0.930	1.041	0.869	0.886	0.889
117	0.924	0.932	1.052	0.870	0.886	0.890
118	0.925	0.933	1.051	0.871	0.887	0.891
119	0.926	0.933	1.040	0.870	0.887	0.892
120	0.927	0.933	1.024	0.869	0.888	0.893
121	0.928	0.934	1.013	0.868	0.888	0.894
122	0.929	0.935	1.013	0.868	0.889	0.895
123	0.930	0.936	1.024	0.869	0.889	0.896
124	0.931	0.937	1.040	0.870	0.889	0.896
125	0.933	0.939	1.053	0.870	0.890	0.897
126	0.934	0.941	1.056	0.869	0.890	0.898
127	0.936	0.944	1.048	0.868	0.890	0.898
128	0.938	0.949	1.034	0.865	0.891	0.899
129	0.940	0.956	1.023	0.863	0.891	0.899
130	0.942	0.965	1.022	0.860	0.891	0.899
131	0.944	0.977	1.031	0.859	0.891	0.900
132	0.947	0.989	1.041	0.859	0.892	0.900
133	0.950	1.002	1.044	0.861	0.892	0.900
134	0.954	1.013	1.043	0.864	0.892	0.900
135	0.957	1.022	1.043	0.867	0.892	0.901
136	0.962	1.028	1.045	0.869	0.892	0.901
137	0.966	1.031	1.050	0.869	0.893	0.901
138	0.971	1.032	1.057	0.868	0.893	0.901
139	0.977	1.032	1.067	0.865	0.893	0.901
140	0.982	1.032	1.084	0.862	0.893	0.901
141	0.989	1.034	1.108	0.858	0.893	0.901
142	0.996	1.038	1.136	0.855	0.894	0.901
143	1.003	1.044	1.165	0.853	0.894	0.901
144	1.011	1.052	1.197	0.853	0.894	0.901
145	1.019	1.058	1.231	0.853	0.894	0.901
146	1.028	1.062	1.268	0.854	0.895	0.901
147	1.037	1.063	1.303	0.856	0.895	0.901
148	1.047	1.062	1.333	0.857	0.895	0.900
149	1.058	1.060	1.361	0.858	0.895	0.900
150	1.068	1.058	1.391	0.858	0.895	0.900
151	1.080	1.057	1.423	0.858	0.896	0.900
152	1.091	1.057	1.453	0.857	0.896	0.900
153	1.103	1.060	1.477	0.856	0.896	0.900
154	1.115	1.064	1.493	0.856	0.896	0.900
155	1.128	1.070	1.506	0.855	0.897	0.900
156	1.141	1.078	1.521	0.855	0.897	0.900
157	1.154	1.086	1.542	0.855	0.897	0.900
158	1.167	1.093	1.571	0.855	0.897	0.899
159	1.180	1.100	1.604	0.855	0.897	0.899
160	1.193	1.105	1.633	0.856	0.897	0.899
161	1.206	1.107	1.649	0.856	0.898	0.899
162	1.219	1.107	1.648	0.856	0.898	0.899
163	1.232	1.105	1.637	0.857	0.898	0.899
164	1.245	1.103	1.623	0.857	0.898	0.899
165	1.258	1.103	1.614	0.857	0.898	0.899
166	1.271	1.106	1.617	0.857	0.898	0.899
167	1.283	1.112	1.632	0.856	0.898	0.900
168	1.295	1.120	1.648	0.855	0.899	0.900
169	1.306	1.130	1.657	0.854	0.899	0.900
170	1.318	1.141	1.665	0.853	0.899	0.900
171	1.329	1.151	1.682	0.853	0.899	0.900
172	1.339	1.161	1.709	0.853	0.899	0.900
173	1.350	1.170	1.738	0.855	0.899	0.900
174	1.359	1.177	1.759	0.858	0.899	0.900
175	1.369	1.184	1.769	0.862	0.899	0.901
176	1.378	1.190	1.774	0.867	0.899	0.901
177	1.387	1.196	1.778	0.871	0.899	0.901
178	1.395	1.202	1.788	0.876	0.899	0.901
179	1.403	1.207	1.798	0.879	0.899	0.901
180	1.410	1.211	1.803	0.880	0.899	0.902
181	1.417	1.214	1.800	0.881	0.899	0.902
182	1.424	1.217	1.794	0.881	0.899	0.902
183	1.431	1.219	1.795	0.881	0.899	0.902
184	1.437	1.223	1.807	0.881	0.899	0.902
185	1.443	1.228	1.826	0.881	0.899	0.903
186	1.449	1.233	1.845	0.881	0.899	0.903
187	1.454	1.239	1.859	0.880	0.899	0.903
188	1.459	1.245	1.865	0.879	0.899	0.903
189	1.464	1.250	1.867	0.877	0.900	0.903
190	1.469	1.255	1.866	0.875	0.900	0.904
191	1.474	1.260	1.861	0.872	0.900	0.904
192	1.478	1.265	1.856	0.870	0.900	0.904
193	1.483	1.270	1.857	0.868	0.900	0.904
194	1.487	1.276	1.864	0.867	0.900	0.904
195	1.491	1.281	1.874	0.867	0.900	0.904
196	1.495	1.286	1.883	0.868	0.900	0.905
197	1.499	1.291	1.889	0.869	0.900	0.905
198	1.503	1.296	1.892	0.871	0.900	0.905
199	1.507	1.300	1.897	0.873	0.900	0.905
200	1.510	1.305	1.910	0.873	0.900	0.905
201	1.514	1.309	1.931	0.874	0.900	0.905
202	1.517	1.313	1.949	0.873	0.900	0.905
203	1.521	1.317	1.960	0.872	0.900	0.905
204	1.524	1.320	1.966	0.872	0.900	0.906
205	1.527	1.323	1.974	0.871	0.901	0.906
206	1.531	1.326	1.987	0.871	0.901	0.906
207	1.534	1.329	1.998	0.870	0.901	0.906
208	1.537	1.332	1.999	0.870	0.901	0.906
209	1.540	1.335	1.985	0.870	0.901	0.906
210	1.543	1.338	1.965	0.871	0.901	0.906
211	1.546	1.340	1.950	0.871	0.901	0.906
212	1.550	1.342	1.951	0.870	0.901	0.906
213	1.553	1.343	1.972	0.870	0.901	0.906
214	1.556	1.345	2.005	0.869	0.901	0.906
215	1.559	1.349	2.037	0.868	0.901	0.906
216	1.562	1.353	2.055	0.866	0.901	0.906
217	1.565	1.358	2.059	0.865	0.901	0.906
218	1.568	1.363	2.050	0.864	0.901	0.907
219	1.571	1.369	2.034	0.864	0.901	0.907
220	1.574	1.374	2.017	0.864	0.901	0.907
221	1.577	1.378	2.003	0.864	0.901	0.907
222	1.581	1.380	1.998	0.864	0.901	0.907
223	1.584	1.382	2.003	0.864	0.901	0.907
224	1.587	1.383	2.018	0.864	0.901	0.907
225	1.590	1.384	2.040	0.864	0.901	0.907
226	1.594	1.385	2.062	0.864	0.901	0.907
227	1.597	1.388	2.077	0.865	0.901	0.907
228	1.600	1.392	2.084	0.865	0.901	0.907
229	1.604	1.396	2.086	0.865	0.901	0.907
230	1.607	1.402	2.083	0.865	0.900	0.907
231	1.611	1.408	2.079	0.865	0.900	0.907
232	1.614	1.415	2.080	0.865	0.900	0.907
233	1.618	1.421	2.088	0.866	0.900	0.907
234	1.621	1.426	2.096	0.867	0.900	0.907
235	1.625	1.430	2.093	0.869	0.900	0.907
236	1.628	1.433	2.074	0.872	0.900	0.907
237	NaN	1.436	2.053	0.875	0.900	0.907
238	NaN	1.438	2.046	0.878	0.900	0.907
239	NaN	1.439	2.053	0.880	0.900	0.907
240	NaN	1.439	2.067	0.881	0.900	0.907
241	NaN	1.439	2.077	0.881	0.900	0.907
242	NaN	1.439	2.083	0.881	0.900	0.907
243	NaN	1.439	2.083	0.880	0.900	0.907
244	NaN	1.442	2.081	0.879	0.900	0.907
245	NaN	1.445	2.079	0.880	0.900	0.907
246	NaN	1.450	2.074	0.881	0.900	0.907
247	NaN	1.454	2.068	0.882	0.900	0.907
248	NaN	1.459	2.063	0.884	0.900	0.907
249	NaN	1.463	2.064	0.885	0.900	0.907
250	NaN	1.467	2.073	0.886	0.900	0.907
251	NaN	1.471	2.087	0.887	0.900	0.907
252	NaN	1.474	2.096	0.886	0.900	0.907
253	NaN	1.477	2.095	0.884	0.900	0.907
254	NaN	1.481	2.082	0.882	0.900	0.907
255	NaN	1.485	2.064	0.880	0.900	0.907
256	NaN	1.489	2.055	0.878	0.900	0.907
257	NaN	1.493	2.059	0.878	0.900	0.907
258	NaN	1.497	2.070	0.878	0.900	0.907
259	NaN	1.500	2.076	0.879	0.900	0.907
260	NaN	1.503	2.068	0.882	0.900	0.907
261	NaN	1.506	2.043	0.884	0.900	0.907
262	NaN	1.509	2.012	0.887	0.900	0.907
263	NaN	1.511	1.989	0.889	0.900	0.907
264	NaN	1.514	1.986	0.891	0.900	0.907
265	NaN	1.515	2.006	0.893	0.900	0.907
266	NaN	1.517	2.038	0.895	0.900	0.907
267	NaN	1.519	2.065	0.896	0.900	0.907
268	NaN	1.521	2.074	0.897	0.900	0.907
269	NaN	1.523	2.067	0.898	0.899	0.906
270	NaN	1.525	2.054	0.898	0.899	0.906
271	NaN	1.526	2.044	0.897	0.899	0.906
272	NaN	1.527	2.035	0.896	0.899	0.906
273	NaN	1.527	2.019	0.895	0.899	0.906
274	NaN	1.527	1.993	0.894	0.899	0.906
275	NaN	1.528	1.963	0.893	0.898	0.906
276	NaN	1.530	1.933	0.892	0.898	0.906
277	NaN	1.532	1.913	0.892	0.898	0.906
278	NaN	1.536	1.912	0.891	0.898	0.906
279	NaN	1.540	1.930	0.891	0.897	0.906
280	NaN	1.545	1.960	0.890	0.897	0.905
281	NaN	1.550	1.982	0.890	0.897	0.905
282	NaN	1.556	1.991	0.889	0.897	0.905
283	NaN	1.560	1.989	0.888	0.897	0.905
284	NaN	1.564	1.980	0.888	0.896	0.905
285	NaN	1.567	1.968	0.889	0.896	0.905
286	NaN	1.568	1.953	0.890	0.896	0.905
287	NaN	1.567	1.939	0.892	0.896	0.905
288	NaN	1.566	1.936	0.894	0.896	0.905
289	NaN	1.565	1.947	0.897	0.896	0.904
290	NaN	1.565	1.969	0.899	0.895	0.904
291	NaN	1.566	1.992	0.900	0.895	0.904
292	NaN	1.568	2.009	0.901	0.895	0.904
293	NaN	1.573	2.020	0.901	0.895	0.904
294	NaN	1.578	2.025	0.900	0.895	0.904
295	NaN	1.582	2.026	0.900	0.895	0.904
296	NaN	1.585	2.021	0.899	0.895	0.904
297	NaN	1.587	2.013	0.898	0.895	0.904
298	NaN	1.589	2.008	0.898	0.895	0.904
299	NaN	1.590	2.008	0.899	0.895	0.904
300	NaN	1.592	2.014	0.901	0.895	0.904
301	NaN	1.595	2.019	0.902	0.895	0.904
302	NaN	1.600	2.018	0.904	0.895	0.904
303	NaN	1.605	2.004	0.906	0.896	0.904
304	NaN	1.611	1.977	0.908	0.896	0.904
305	NaN	1.617	1.945	0.909	0.896	0.904
306	NaN	1.621	1.923	0.909	0.896	0.904
307	NaN	1.624	1.921	0.908	0.896	0.904
308	NaN	1.626	1.938	0.907	0.897	0.904
309	NaN	1.626	1.961	0.906	0.897	0.905
310	NaN	1.625	1.981	0.905	0.897	0.905
311	NaN	1.624	1.997	0.903	0.898	0.905
312	NaN	1.624	2.008	0.902	0.898	0.905
313	NaN	1.625	2.015	0.903	0.898	0.905
314	NaN	1.627	2.016	0.904	0.899	0.906
315	NaN	1.629	2.009	0.906	0.899	0.906
316	NaN	1.631	1.995	0.909	0.900	0.906
317	NaN	1.633	1.976	0.913	0.900	0.906
318	NaN	1.634	1.957	0.917	0.901	0.907
319	NaN	1.636	1.944	0.920	0.901	0.907
320	NaN	1.637	1.939	0.923	0.902	0.907
321	NaN	1.639	1.940	0.925	0.902	0.908
322	NaN	1.642	1.945	0.927	0.903	0.908
323	NaN	1.644	1.948	0.928	0.903	0.908
324	NaN	1.647	1.949	0.928	0.904	0.908
325	NaN	1.649	1.950	0.928	0.905	0.909
326	NaN	1.652	1.955	0.928	0.905	0.909
327	NaN	1.656	1.956	0.929	0.906	0.909
328	NaN	1.660	1.948	0.929	0.906	0.910
329	NaN	1.665	1.934	0.930	0.907	0.910
330	NaN	1.671	1.920	0.931	0.908	0.910
331	NaN	1.677	1.912	0.932	0.908	0.911
332	NaN	1.682	1.910	0.934	0.909	0.911
333	NaN	1.685	1.911	0.935	0.910	0.911
334	NaN	1.685	1.915	0.936	0.910	0.912
335	NaN	1.683	1.927	0.937	0.911	0.912
336	NaN	1.679	1.948	0.938	0.911	0.912
337	NaN	1.674	1.968	0.939	0.912	0.912
338	NaN	1.669	1.978	0.940	0.913	0.913
339	NaN	1.667	1.974	0.941	0.913	0.913
340	NaN	1.668	1.965	0.943	0.914	0.913
341	NaN	1.669	1.968	0.945	0.915	0.914
342	NaN	1.672	1.992	0.947	0.915	0.914
343	NaN	1.674	2.029	0.949	0.916	0.914
344	NaN	1.676	2.057	0.952	0.916	0.915
345	NaN	1.678	2.057	0.954	0.917	0.915
346	NaN	1.681	2.034	0.957	0.918	0.915
347	NaN	1.685	2.005	0.959	0.918	0.916
348	NaN	1.689	1.989	0.962	0.919	0.916
349	NaN	1.693	1.987	0.965	0.919	0.916
350	NaN	1.698	1.988	0.967	0.920	0.917
351	NaN	1.702	1.983	0.969	0.920	0.917
352	NaN	1.707	1.971	0.971	0.921	0.917
353	NaN	1.711	1.960	0.972	0.921	0.918
354	NaN	1.714	1.956	0.973	0.922	0.918
355	NaN	1.715	1.961	0.974	0.922	0.918
356	NaN	1.715	1.971	0.975	0.922	0.919
357	NaN	1.712	1.985	0.975	0.923	0.919
358	NaN	1.708	2.003	0.977	0.923	0.920
359	NaN	1.703	2.020	0.978	0.923	0.920
360	NaN	1.698	2.027	0.980	0.924	0.920
361	NaN	1.696	2.017	0.983	0.924	0.921
362	NaN	1.696	1.995	0.986	0.924	0.921
363	NaN	1.700	1.973	0.989	0.925	0.922
364	NaN	1.706	1.962	0.993	0.925	0.922
365	NaN	1.712	1.961	0.996	0.925	0.922
366	NaN	1.718	1.968	0.998	0.925	0.923
367	NaN	1.722	1.978	0.999	0.926	0.923
368	NaN	1.724	1.984	1.000	0.926	0.924
369	NaN	1.723	1.980	1.001	0.926	0.924
370	NaN	1.721	1.965	1.002	0.926	0.925
371	NaN	1.719	1.951	1.003	0.927	0.925
372	NaN	1.716	1.946	1.005	0.927	0.926
373	NaN	1.715	1.949	1.007	0.927	0.926
374	NaN	1.717	1.955	1.011	0.928	0.927
375	NaN	1.721	1.959	1.014	0.928	0.927
376	NaN	1.727	1.960	1.018	0.929	0.927
377	NaN	1.733	1.963	1.021	0.929	0.928
378	NaN	1.739	1.968	1.024	0.930	0.928
379	NaN	1.744	1.965	1.027	0.931	0.929
380	NaN	1.746	1.946	1.030	0.932	0.929
381	NaN	1.747	NaN	1.033	0.933	0.930
382	NaN	1.747	NaN	1.036	0.934	0.930
383	NaN	1.746	NaN	1.039	0.935	0.931
384	NaN	1.746	NaN	1.042	0.936	0.931
385	NaN	1.747	NaN	1.046	0.938	0.932
386	NaN	1.749	NaN	1.050	0.939	0.932
387	NaN	1.753	NaN	1.054	0.941	0.932
388	NaN	1.757	NaN	1.058	0.943	0.933
389	NaN	1.761	NaN	1.062	0.945	0.933
390	NaN	1.764	NaN	1.066	0.947	0.934
391	NaN	1.766	NaN	1.069	0.950	0.934
392	NaN	1.766	NaN	1.072	0.953	0.934
393	NaN	1.766	NaN	1.075	0.956	0.935
394	NaN	1.765	NaN	1.078	0.959	0.935
395	NaN	1.763	NaN	1.081	0.962	0.935
396	NaN	1.762	NaN	1.085	0.966	0.936
397	NaN	1.760	NaN	1.089	0.970	0.936
398	NaN	1.759	NaN	1.095	0.974	0.936
399	NaN	1.758	NaN	1.100	0.978	0.936
400	NaN	1.759	NaN	1.106	0.983	0.937
401	NaN	1.761	NaN	1.112	0.988	0.937
402	NaN	1.763	NaN	1.118	0.993	0.937
403	NaN	1.765	NaN	1.124	0.999	0.937
404	NaN	1.767	NaN	1.129	1.005	0.938
405	NaN	1.767	NaN	1.133	1.011	0.938
406	NaN	1.769	NaN	1.137	1.017	0.938
407	NaN	1.772	NaN	1.141	1.023	0.938
408	NaN	1.776	NaN	1.146	1.030	0.938
409	NaN	1.780	NaN	1.150	1.037	0.939
410	NaN	1.784	NaN	1.156	1.045	0.939
411	NaN	1.785	NaN	1.161	1.052	0.939
412	NaN	1.784	NaN	1.167	1.060	0.940
413	NaN	1.781	NaN	1.173	1.068	0.940
414	NaN	1.777	NaN	1.179	1.076	0.940
415	NaN	1.772	NaN	1.185	1.085	0.941
416	NaN	1.769	NaN	1.191	1.093	0.941
417	NaN	1.767	NaN	1.196	1.102	0.942
418	NaN	1.768	NaN	1.201	1.111	0.942
419	NaN	1.772	NaN	1.207	1.121	0.943
420	NaN	1.778	NaN	1.212	1.130	0.944
421	NaN	1.785	NaN	1.217	1.140	0.945
422	NaN	1.793	NaN	1.223	1.149	0.946
423	NaN	1.799	NaN	1.230	1.159	0.947
424	NaN	1.803	NaN	1.236	1.169	0.948
425	NaN	1.804	NaN	1.244	1.180	0.949
426	NaN	1.802	NaN	1.252	1.190	0.950
427	NaN	1.799	NaN	1.260	1.200	0.952
428	NaN	1.795	NaN	1.269	1.211	0.953
429	NaN	1.791	NaN	1.277	1.222	0.955
430	NaN	1.788	NaN	1.285	1.232	0.957
431	NaN	1.787	NaN	1.293	1.243	0.959
432	NaN	1.789	NaN	1.300	1.254	0.961
433	NaN	1.794	NaN	1.306	1.265	0.963
434	NaN	1.800	NaN	1.311	1.275	0.966
435	NaN	1.806	NaN	1.316	1.286	0.968
436	NaN	1.811	NaN	1.321	1.297	0.971
437	NaN	1.814	NaN	1.326	1.308	0.974
438	NaN	1.816	NaN	1.332	1.319	0.977
439	NaN	1.816	NaN	1.340	1.330	0.981
440	NaN	1.816	NaN	1.348	1.341	0.984
441	NaN	1.817	NaN	1.356	1.351	0.988
442	NaN	1.819	NaN	1.365	1.362	0.992
443	NaN	1.823	NaN	1.375	1.373	0.996
444	NaN	1.826	NaN	1.384	1.383	1.001
445	NaN	1.828	NaN	1.393	1.394	1.005
446	NaN	1.828	NaN	1.402	1.404	1.010
447	NaN	1.827	NaN	1.410	1.415	1.015
448	NaN	1.826	NaN	1.418	1.425	1.021
449	NaN	1.825	NaN	1.426	1.435	1.026
450	NaN	1.826	NaN	1.433	1.445	1.032
451	NaN	1.827	NaN	1.440	1.455	1.038
452	NaN	1.829	NaN	1.447	1.465	1.044
453	NaN	1.832	NaN	1.453	1.474	1.051
454	NaN	1.834	NaN	1.459	1.484	1.057
455	NaN	1.836	NaN	1.465	1.493	1.064
456	NaN	1.837	NaN	1.472	1.503	1.071
457	NaN	1.837	NaN	1.478	1.512	1.079
458	NaN	1.836	NaN	1.485	1.521	1.086
459	NaN	1.833	NaN	1.492	1.529	1.094
460	NaN	1.830	NaN	1.498	1.538	1.102
461	NaN	1.827	NaN	1.504	1.547	1.110
462	NaN	1.825	NaN	1.510	1.555	1.118
463	NaN	1.826	NaN	1.515	1.563	1.126
464	NaN	1.828	NaN	1.520	1.571	1.135
465	NaN	1.832	NaN	1.526	1.579	1.144
466	NaN	1.838	NaN	1.532	1.587	1.153
467	NaN	1.844	NaN	1.538	1.595	1.162
468	NaN	1.851	NaN	1.545	1.602	1.171
469	NaN	1.858	NaN	1.552	1.610	1.180
470	NaN	1.863	NaN	1.558	1.617	1.189
471	NaN	1.867	NaN	1.564	1.624	1.199
472	NaN	1.869	NaN	1.570	1.631	1.208
473	NaN	1.869	NaN	1.575	1.638	1.218
474	NaN	1.867	NaN	1.581	1.645	1.228
475	NaN	1.863	NaN	1.587	1.651	1.238
476	NaN	1.859	NaN	1.594	1.658	1.248
477	NaN	1.855	NaN	1.601	1.664	1.258
478	NaN	1.853	NaN	1.608	1.670	1.268
479	NaN	1.851	NaN	1.616	1.676	1.278
480	NaN	1.851	NaN	1.624	1.682	1.288
481	NaN	1.851	NaN	1.632	1.688	1.298
482	NaN	1.851	NaN	1.640	1.694	1.308
483	NaN	1.852	NaN	1.647	1.700	1.318
484	NaN	1.853	NaN	1.654	1.705	1.328
485	NaN	1.856	NaN	1.660	1.710	1.339
486	NaN	1.860	NaN	1.665	1.716	1.349
487	NaN	1.864	NaN	1.669	1.721	1.359
488	NaN	1.868	NaN	1.673	1.726	1.369
489	NaN	1.872	NaN	1.677	1.731	1.379
490	NaN	1.874	NaN	1.681	1.736	1.389
491	NaN	1.877	NaN	1.685	1.741	1.399
492	NaN	1.879	NaN	1.689	1.745	1.409
493	NaN	1.881	NaN	1.694	1.750	1.419
494	NaN	1.884	NaN	1.698	1.755	1.428
495	NaN	1.887	NaN	1.701	1.759	1.438
496	NaN	1.890	NaN	1.703	1.763	1.447
497	NaN	1.892	NaN	1.706	1.768	1.457
498	NaN	1.891	NaN	1.708	1.772	1.466
499	NaN	1.888	NaN	1.711	1.776	1.476
500	NaN	1.883	NaN	1.715	1.780	1.485
501	NaN	1.877	NaN	1.720	1.784	1.494
502	NaN	1.872	NaN	1.726	1.788	1.503
503	NaN	1.869	NaN	1.733	1.792	1.512
504	NaN	1.868	NaN	1.740	1.795	1.520
505	NaN	1.869	NaN	1.746	1.799	1.529
506	NaN	1.869	NaN	1.752	1.803	1.537
507	NaN	1.868	NaN	1.758	1.806	1.546
508	NaN	1.865	NaN	1.763	1.810	1.554
509	NaN	1.862	NaN	1.767	1.813	1.562
510	NaN	1.860	NaN	1.770	1.816	1.570
511	NaN	1.861	NaN	1.772	1.820	1.578
512	NaN	1.865	NaN	1.774	1.823	1.585
513	NaN	1.872	NaN	1.775	1.826	1.593
514	NaN	1.882	NaN	1.775	1.829	1.600
515	NaN	1.892	NaN	1.776	1.832	1.607
516	NaN	1.900	NaN	1.777	1.835	1.614
517	NaN	1.906	NaN	1.779	1.838	1.621
518	NaN	1.909	NaN	1.781	1.841	1.628
519	NaN	1.910	NaN	1.784	1.844	1.635
520	NaN	1.910	NaN	1.787	1.846	1.641
521	NaN	1.909	NaN	1.790	1.849	1.648
522	NaN	1.908	NaN	1.793	1.852	1.654
523	NaN	1.908	NaN	1.796	1.854	1.660
524	NaN	1.906	NaN	1.798	1.857	1.666
525	NaN	1.904	NaN	1.800	1.859	1.672
526	NaN	1.900	NaN	1.801	1.862	1.677
527	NaN	1.895	NaN	1.803	1.864	1.683
528	NaN	1.890	NaN	1.805	1.867	1.688
529	NaN	1.886	NaN	1.808	1.869	1.694
530	NaN	1.886	NaN	1.811	1.871	1.699
531	NaN	1.888	NaN	1.814	1.873	1.704
532	NaN	1.892	NaN	1.818	1.876	1.709
533	NaN	1.897	NaN	1.822	1.878	1.713
534	NaN	1.902	NaN	1.825	1.880	1.718
535	NaN	1.906	NaN	1.827	1.882	1.723
536	NaN	1.908	NaN	1.828	1.884	1.727
537	NaN	1.908	NaN	1.829	1.886	1.731
538	NaN	1.907	NaN	1.829	1.888	1.735
539	NaN	1.904	NaN	1.830	1.890	1.739
540	NaN	1.902	NaN	1.830	1.891	1.743
541	NaN	1.901	NaN	1.831	1.893	1.747
542	NaN	1.901	NaN	1.832	1.895	1.751
543	NaN	1.901	NaN	1.834	1.897	1.754
544	NaN	1.901	NaN	1.836	1.898	1.758
545	NaN	1.900	NaN	1.838	1.900	1.761
546	NaN	1.898	NaN	1.841	1.901	1.764
547	NaN	1.895	NaN	1.843	1.903	1.768
548	NaN	1.894	NaN	1.845	1.904	1.771
549	NaN	1.894	NaN	1.846	1.906	1.774
550	NaN	1.898	NaN	1.846	1.907	1.776
551	NaN	1.903	NaN	1.847	1.909	1.779
552	NaN	1.911	NaN	1.848	1.910	1.782
553	NaN	1.918	NaN	1.848	1.911	1.784
554	NaN	1.923	NaN	1.849	1.913	1.787
555	NaN	1.927	NaN	1.850	1.914	1.789
556	NaN	1.927	NaN	1.851	1.915	1.791
557	NaN	1.924	NaN	1.852	1.916	1.794
558	NaN	1.920	NaN	1.852	1.917	1.796
559	NaN	1.916	NaN	1.851	1.918	1.798
560	NaN	1.912	NaN	1.849	1.919	1.799
561	NaN	1.909	NaN	1.848	1.920	1.801
562	NaN	1.907	NaN	1.846	1.921	1.803
563	NaN	1.906	NaN	1.844	1.922	1.805
564	NaN	1.907	NaN	1.844	1.923	1.806
565	NaN	1.910	NaN	1.844	1.924	1.808
566	NaN	1.912	NaN	1.845	1.925	1.809
567	NaN	1.914	NaN	1.846	1.926	1.811
568	NaN	1.915	NaN	1.847	1.927	1.812
569	NaN	1.916	NaN	1.846	1.928	1.813
570	NaN	1.916	NaN	1.845	1.929	1.814
571	NaN	1.916	NaN	1.843	1.929	1.815
572	NaN	1.916	NaN	1.840	1.930	1.816
573	NaN	1.918	NaN	1.837	1.931	1.817
574	NaN	1.920	NaN	1.835	1.932	1.818
575	NaN	1.922	NaN	1.834	1.933	1.819
576	NaN	1.925	NaN	1.835	1.934	1.820
577	NaN	1.927	NaN	1.836	1.934	1.821
578	NaN	1.928	NaN	1.839	1.935	1.821
579	NaN	1.929	NaN	1.843	1.936	1.822
580	NaN	1.931	NaN	1.846	1.937	1.822
581	NaN	1.932	NaN	1.849	1.938	1.823
582	NaN	1.934	NaN	1.850	1.938	1.824
583	NaN	1.936	NaN	1.851	1.939	1.824
584	NaN	1.937	NaN	1.850	1.940	1.825
585	NaN	1.937	NaN	1.849	1.941	1.825
586	NaN	1.935	NaN	1.847	1.942	1.825
587	NaN	1.931	NaN	1.845	1.943	1.826
588	NaN	1.927	NaN	1.844	1.944	1.826
589	NaN	1.923	NaN	1.843	1.945	1.827
590	NaN	1.921	NaN	1.843	1.945	1.827
591	NaN	1.921	NaN	1.845	1.946	1.827
592	NaN	1.923	NaN	1.847	1.947	1.827
593	NaN	1.928	NaN	1.849	1.948	1.828
594	NaN	1.935	NaN	1.850	1.949	1.828
595	NaN	1.941	NaN	1.851	1.950	1.828
596	NaN	1.947	NaN	1.850	1.950	1.829
597	NaN	1.951	NaN	1.849	1.951	1.829
598	NaN	1.954	NaN	1.846	1.952	1.829
599	NaN	1.955	NaN	1.844	1.952	1.829
600	NaN	1.955	NaN	1.842	1.953	1.830
601	NaN	1.954	NaN	1.842	1.954	1.830
602	NaN	1.952	NaN	1.843	1.954	1.830
603	NaN	1.949	NaN	1.845	1.954	1.830
604	NaN	1.946	NaN	1.846	1.955	1.831
605	NaN	1.943	NaN	1.848	1.955	1.831
606	NaN	1.940	NaN	1.848	1.955	1.831
607	NaN	1.938	NaN	1.847	1.955	1.832
608	NaN	1.936	NaN	1.845	1.955	1.832
609	NaN	1.936	NaN	1.841	1.955	1.832
610	NaN	1.939	NaN	1.837	1.954	1.833
611	NaN	1.942	NaN	1.834	1.954	1.833
612	NaN	1.945	NaN	1.830	1.953	1.834
613	NaN	1.946	NaN	1.827	1.952	1.834
614	NaN	1.945	NaN	1.825	1.951	1.834
615	NaN	1.943	NaN	1.823	1.950	1.835
616	NaN	1.940	NaN	1.822	1.949	1.835
617	NaN	1.939	NaN	1.822	1.947	1.836
618	NaN	1.939	NaN	1.823	1.945	1.836
619	NaN	1.942	NaN	1.823	1.943	1.837
620	NaN	1.947	NaN	1.823	1.941	1.837
621	NaN	1.955	NaN	1.823	1.939	1.838
622	NaN	1.964	NaN	1.823	1.936	1.838
623	NaN	1.971	NaN	1.822	1.933	1.839
624	NaN	1.975	NaN	1.821	1.930	1.839
625	NaN	1.975	NaN	1.820	1.926	1.840
626	NaN	1.972	NaN	1.819	1.923	1.841
627	NaN	1.968	NaN	1.818	1.919	1.841
628	NaN	1.964	NaN	1.817	1.914	1.842
629	NaN	1.962	NaN	1.816	1.910	1.842
630	NaN	1.961	NaN	1.815	1.905	1.843
631	NaN	1.961	NaN	1.815	1.900	1.843
632	NaN	1.962	NaN	1.815	1.895	1.844
633	NaN	1.963	NaN	1.816	1.889	1.844
634	NaN	1.963	NaN	1.817	1.884	1.845
635	NaN	1.963	NaN	1.820	1.878	1.845
636	NaN	1.964	NaN	1.824	1.871	1.846
637	NaN	1.965	NaN	1.828	1.865	1.846
638	NaN	1.966	NaN	1.832	1.858	1.847
639	NaN	1.967	NaN	1.835	1.851	1.847
640	NaN	1.969	NaN	1.835	NaN	1.847
641	NaN	1.973	NaN	1.833	NaN	1.847
642	NaN	1.977	NaN	1.830	NaN	1.847
643	NaN	1.983	NaN	1.825	NaN	1.847
644	NaN	1.988	NaN	1.819	NaN	1.847
645	NaN	1.993	NaN	1.815	NaN	1.847
646	NaN	1.996	NaN	1.811	NaN	1.847
647	NaN	1.997	NaN	1.809	NaN	1.847
648	NaN	1.995	NaN	1.809	NaN	1.847
649	NaN	1.992	NaN	1.811	NaN	1.846
650	NaN	1.990	NaN	1.813	NaN	1.846
651	NaN	1.988	NaN	1.816	NaN	1.845
652	NaN	1.989	NaN	1.818	NaN	1.845
653	NaN	1.992	NaN	1.817	NaN	1.844
654	NaN	1.995	NaN	1.815	NaN	1.843
655	NaN	1.998	NaN	1.811	NaN	1.842
656	NaN	1.999	NaN	1.806	NaN	1.841
657	NaN	1.998	NaN	1.800	NaN	1.839
658	NaN	1.995	NaN	1.794	NaN	1.838
659	NaN	1.992	NaN	1.789	NaN	1.836
660	NaN	1.989	NaN	1.785	NaN	1.835
661	NaN	1.987	NaN	1.783	NaN	1.833
662	NaN	1.989	NaN	1.783	NaN	1.831
663	NaN	1.992	NaN	NaN	NaN	1.829
664	NaN	1.997	NaN	NaN	NaN	1.827
665	NaN	2.002	NaN	NaN	NaN	1.824
666	NaN	2.006	NaN	NaN	NaN	1.822
667	NaN	2.007	NaN	NaN	NaN	1.819
668	NaN	2.006	NaN	NaN	NaN	1.816
669	NaN	2.003	NaN	NaN	NaN	1.813
670	NaN	1.998	NaN	NaN	NaN	1.810
671	NaN	1.992	NaN	NaN	NaN	1.807
672	NaN	1.985	NaN	NaN	NaN	1.803
673	NaN	1.978	NaN	NaN	NaN	1.800
674	NaN	1.972	NaN	NaN	NaN	1.796
675	NaN	1.968	NaN	NaN	NaN	1.792
676	NaN	1.965	NaN	NaN	NaN	NaN
677	NaN	1.965	NaN	NaN	NaN	NaN
678	NaN	1.966	NaN	NaN	NaN	NaN
679	NaN	1.971	NaN	NaN	NaN	NaN
680	NaN	1.976	NaN	NaN	NaN	NaN
681	NaN	1.983	NaN	NaN	NaN	NaN
682	NaN	1.989	NaN	NaN	NaN	NaN
683	NaN	1.994	NaN	NaN	NaN	NaN
684	NaN	1.998	NaN	NaN	NaN	NaN
685	NaN	2.000	NaN	NaN	NaN	NaN
686	NaN	2.001	NaN	NaN	NaN	NaN
687	NaN	2.000	NaN	NaN	NaN	NaN
688	NaN	1.997	NaN	NaN	NaN	NaN
689	NaN	1.993	NaN	NaN	NaN	NaN
690	NaN	1.988	NaN	NaN	NaN	NaN
691	NaN	1.985	NaN	NaN	NaN	NaN
692	NaN	1.984	NaN	NaN	NaN	NaN
693	NaN	1.987	NaN	NaN	NaN	NaN
694	NaN	1.995	NaN	NaN	NaN	NaN
695	NaN	2.008	NaN	NaN	NaN	NaN
696	NaN	2.025	NaN	NaN	NaN	NaN
697	NaN	NaN	NaN	NaN	NaN	NaN
698	NaN	NaN	NaN	NaN	NaN	NaN
699	NaN	NaN	NaN	NaN	NaN	NaN
700	NaN	NaN	NaN	NaN	NaN	NaN
701	NaN	NaN	NaN	NaN	NaN	NaN
702	NaN	NaN	NaN	NaN	NaN	NaN
703	NaN	NaN	NaN	NaN	NaN	NaN
704	NaN	NaN	NaN	NaN	NaN	NaN
705	NaN	NaN	NaN	NaN	NaN	NaN
706	NaN	NaN	NaN	NaN	NaN	NaN
707	NaN	NaN	NaN	NaN	NaN	NaN
708	NaN	NaN	NaN	NaN	NaN	NaN
709	NaN	NaN	NaN	NaN	NaN	NaN
710	NaN	NaN	NaN	NaN	NaN	NaN
711	NaN	NaN	NaN	NaN	NaN	NaN
712	NaN	NaN	NaN	NaN	NaN	NaN
713	NaN	NaN	NaN	NaN	NaN	NaN
714	NaN	NaN	NaN	NaN	NaN	NaN
715	NaN	NaN	NaN	NaN	NaN	NaN
716	NaN	NaN	NaN	NaN	NaN	NaN
717	NaN	NaN	NaN	NaN	NaN	NaN
718	NaN	NaN	NaN	NaN	NaN	NaN
719	NaN	NaN	NaN	NaN	NaN	NaN
720	NaN	NaN	NaN	NaN	NaN	NaN
721	NaN	NaN	NaN	NaN	NaN	NaN
722	NaN	NaN	NaN	NaN	NaN	NaN
723	NaN	NaN	NaN	NaN	NaN	NaN
724	NaN	NaN	NaN	NaN	NaN	NaN
725	NaN	NaN	NaN	NaN	NaN	NaN
726	NaN	NaN	NaN	NaN	NaN	NaN
727	NaN	NaN	NaN	NaN	NaN	NaN
728	NaN	NaN	NaN	NaN	NaN	NaN
729	NaN	NaN	NaN	NaN	NaN	NaN
730	NaN	NaN	NaN	NaN	NaN	NaN
731	NaN	NaN	NaN	NaN	NaN	NaN
732	NaN	NaN	NaN	NaN	NaN	NaN
733	NaN	NaN	NaN	NaN	NaN	NaN
734	NaN	NaN	NaN	NaN	NaN	NaN
735	NaN	NaN	NaN	NaN	NaN	NaN
736	NaN	NaN	NaN	NaN	NaN	NaN
737	NaN	NaN	NaN	NaN	NaN	NaN
738	NaN	NaN	NaN	NaN	NaN	NaN
739	NaN	NaN	NaN	NaN	NaN	NaN
740	NaN	NaN	NaN	NaN	NaN	NaN
741	NaN	NaN	NaN	NaN	NaN	NaN
